"TOA5","CR1000_SN6134","CR1000","6316","CR1000.Std.32.06","CPU:SN6134_ClimatVUE50_LP.CR1","54061","ClimatVIEW_1h"
"TIMESTAMP","RECORD","BattV_Min","SlrFD_W_Avg","Rain_mm_Tot","WS_ms_S_WVT","WindDir_D1_WVT","WindDir_SD1_WVT","MaxWS_ms_Avg","AirT_C_Avg","VP_mbar_Avg","BP_mbar_Avg","RH","RHT_C_Avg","TiltNS_deg_Avg","TiltWE_deg_Avg","SlrTF_MJ_Tot"
"TS","RN","Volts","W/m^2","mm","meters/second","Deg","Deg","meters/second","Deg C","mbar","mbar","%","Deg C","degrees","degrees","MJ/m^2"
"","","Min","Avg","Tot","WVc","WVc","WVc","Avg","Avg","Avg","Avg","Smp","Avg","Avg","Avg","Tot"
"2024-04-03 12:00:00",0,12.51,"NAN","NAN","NAN",0,0,"NAN","NAN","NAN","NAN",7.3,"NAN","NAN","NAN","NAN"
"2024-04-05 13:00:00",1,16.55,295.8,0,1.987,213,8.07,1.996,-17.85,0.7078947,1001.697,48.9,-9.39,-2.353,0.921,0.11241
"2024-04-05 14:00:00",2,16.61,276.7,0,1.098,123.2,92,1.098,-17.67,0.7869443,1001.494,54.5,-11.85,-2.112,1.201,0.99607
"2024-04-05 15:00:00",3,16.61,109.5,0,1.781,185.6,24.7,1.781,-19.89,0.7322221,1001.55,58.2,-17.17,-2.235,1.394,0.39425
"2024-04-05 16:00:00",4,16.81,39.4,0,1.605,187.6,35.52,1.605,-21.56,0.6908333,1001.534,65.5,-21.16,-2.422,1.503,0.14183
"2024-04-05 17:00:00",5,16.84,29.43,0,2.258,183.6,8.74,2.258,-22.19,0.6458333,1001.604,61.1,-22.26,-2.463,1.537,0.10595
"2024-04-05 18:00:00",6,16.85,20.08,0,1.525,185.7,65.62,1.525,-22.02,0.6486111,1001.633,63.3,-22.53,-2.536,1.543,0.07229
"2024-04-05 19:00:00",7,16.91,11.06,0,1.312,183.8,43.05,1.312,-22.22,0.6397222,1001.879,63.2,-22.7,-2.535,1.534,0.03981
"2024-04-05 20:00:00",8,16.9,4.061,0,0.924,186.4,53.56,0.924,-22.59,0.6,1002.09,59.3,-23.33,-2.54,1.587,0.01462
"2024-04-05 21:00:00",9,16.96,0.433,0,0.677,164.5,72.75,0.677,-22.49,0.6,1002.299,61.4,-23.53,-2.548,1.588,0.00156
"2024-04-05 22:00:00",10,16.98,0,0,0.785,186.4,68.65,0.785,-22.93,0.6,1002.314,61.5,-23.77,-2.563,1.591,0
"2024-04-05 23:00:00",11,16.94,0,0,1.008,178.5,74.98,1.008,-23.3,0.6,1002.265,62.6,-24.23,-2.596,1.607,0
"2024-04-06 00:00:00",12,16.98,0,0,1.547,238.5,66.54,1.547,-22.13,0.618611,1002.387,64.8,-23.29,-2.553,1.565,0
"2024-04-06 01:00:00",13,16.95,0,0,1.152,90.1,99.3,1.152,-22.9,0.5988888,1002.316,60.4,-23.23,-2.559,1.569,0
"2024-04-06 02:00:00",14,17,0.8,0,1.3,187.8,33.78,1.3,-23.59,0.5852777,1002.224,61.9,-24.23,-2.56,1.615,0.00288
"2024-04-06 03:00:00",15,16.95,5.336,0,1.697,188.9,12.53,1.697,-23.78,0.5630555,1002.135,59.6,-24.39,-2.573,1.61,0.01921
"2024-04-06 04:00:00",16,16.95,14.19,0,1.099,183.8,24.24,1.099,-23.56,0.5902777,1001.956,66.5,-24.19,-2.55,1.598,0.05107
"2024-04-06 05:00:00",17,16.97,32.96,0,1.164,172.3,73.16,1.164,-23.48,0.5966666,1001.792,58,-23.86,-2.54,1.593,0.11867
"2024-04-06 06:00:00",18,16.92,44.11,0,1.096,127.6,85.1,1.096,-22.92,0.6,1001.956,70.3,-23.22,-2.523,1.569,0.15881
"2024-04-06 07:00:00",19,16.88,53.39,0,0.943,200.5,71.46,0.943,-22.97,0.6,1002.005,63.4,-22.88,-2.514,1.57,0.19221
"2024-04-06 08:00:00",20,16.88,131.6,0,1.17,176.3,39.39,1.17,-22.58,0.6999999,1001.977,74.5,-21.51,-2.475,1.535,0.47378
"2024-04-06 09:00:00",21,16.87,275.1,0,1.101,182.1,91.3,1.101,-20.54,0.7955555,1002.065,63.3,-15.35,-2.282,1.374,0.99032
"2024-04-06 10:00:00",22,16.83,91.2,0,1.512,253.4,96.2,1.512,-20.1,0.7563888,1002.383,59.1,-18.01,-2.361,1.427,0.32838
"2024-04-06 11:00:00",23,16.83,254.4,0,1.139,165.5,98.1,1.139,-20.57,0.7752777,1002.22,63.2,-16.67,-2.312,1.375,0.91575
"2024-04-06 12:00:00",24,16.83,332,0,0.95,139.3,97.7,0.95,-18.76,0.8049999,1002.474,51.4,-12.32,-2.17,1.28,1.19535
"2024-04-06 13:00:00",25,16.89,316.5,0,1.392,357.7,40.47,1.392,-18.79,0.7999999,1002.799,58.1,-12.31,-2.154,1.296,1.13937
"2024-04-06 14:00:00",26,16.83,282.8,0,1.061,353.1,81,1.061,-18.73,0.7930555,1003.1,55.6,-13.18,-2.154,1.303,1.01824
"2024-04-06 15:00:00",27,16.87,116.9,0,0.677,344.2,81.9,0.677,-19.17,0.7355555,1003.226,57.1,-15.5,-2.232,1.366,0.421
"2024-04-06 16:00:00",28,16.89,40.2,0,0.987,174,77.87,0.987,-20.36,0.6999999,1002.932,57.8,-20.17,-2.412,1.493,0.14471
"2024-04-06 17:00:00",29,16.9,30.49,0,1.145,177.7,58.76,1.145,-20.74,0.6999999,1002.915,63,-20.85,-2.425,1.517,0.10976
"2024-04-06 18:00:00",30,16.92,21.72,0,1.186,184.1,47.99,1.186,-21.21,0.6999999,1002.889,66.6,-21.51,-2.451,1.535,0.0782
"2024-04-06 19:00:00",31,16.86,12.61,0,1.678,193.9,34.71,1.678,-21.57,0.6930555,1003.107,57.9,-21.9,-2.486,1.544,0.04541
"2024-04-06 20:00:00",32,16.94,5.092,0,1.154,177,48.91,1.154,-21.59,0.6963888,1003.379,60.7,-22.1,-2.477,1.542,0.01833
"2024-04-06 21:00:00",33,16.97,0.583,0,1.432,186.5,29.12,1.432,-21.62,0.6891667,1003.422,59.1,-22.34,-2.474,1.539,0.0021
"2024-04-06 22:00:00",34,16.95,0,0,1.272,184.4,48.16,1.272,-21.8,0.6780555,1003.466,70.4,-22.33,-2.47,1.55,0
"2024-04-06 23:00:00",35,16.99,0,0,2.438,186.9,8.86,2.438,-21.69,0.6655555,1003.684,55.9,-22.3,-2.502,1.534,0
"2024-04-07 00:00:00",36,16.97,0,0,1.814,177.1,34.75,1.814,-21.56,0.6847222,1003.721,66,-21.97,-2.477,1.552,0
"2024-04-07 01:00:00",37,16.99,0,0,2.412,188.7,7.823,2.412,-21.96,0.6577777,1003.7,66.7,-22.42,-2.5,1.568,0
"2024-04-07 02:00:00",38,17.02,1.383,0,2.101,184.2,10.48,2.101,-21.56,0.6999999,1003.63,66.8,-22.07,-2.48,1.545,0.00498
"2024-04-07 03:00:00",39,16.95,6.95,0,1.351,189.7,30.43,1.351,-21.86,0.6999999,1003.448,64,-22.35,-2.471,1.554,0.02502
"2024-04-07 04:00:00",40,16.95,17.46,0,2.591,190.1,10.88,2.591,-21.17,0.7172222,1003.476,65.6,-21.59,-2.481,1.5,0.06284999
"2024-04-07 05:00:00",41,16.98,35.55,0,2.205,188.6,8.93,2.205,-20.91,0.723611,1003.266,65.9,-21.08,-2.436,1.523,0.12797
"2024-04-07 06:00:00",42,16.89,46.71,0,2.12,192.4,11.71,2.12,-21.48,0.7238888,1003.117,63.1,-21.45,-2.46,1.559,0.16815
"2024-04-07 07:00:00",43,16.87,57.43,0,2.35,188.8,13.15,2.35,-21.02,0.7613888,1003.068,65.4,-20.81,-2.439,1.521,0.20674
"2024-04-07 08:00:00",44,16.92,146.1,0,2.76,185.6,8.34,2.76,-20.42,0.8047222,1003.053,64.1,-19.25,-2.385,1.475,0.52604
"2024-04-07 09:00:00",45,16.85,278.6,0,1.795,192.8,13.49,1.795,-20.16,0.8286111,1002.76,67.8,-15.14,-2.285,1.38,1.0029
"2024-04-07 10:00:00",46,16.85,106.1,0,1.583,190.9,8.33,1.583,-20.19,0.7638888,1003.071,59.9,-17.73,-2.348,1.426,0.38195
"2024-04-07 11:00:00",47,16.86,278.8,0,1.166,191.2,17.15,1.166,-18.9,0.9205555,1002.876,63.8,-15.12,-2.268,1.363,1.0035
"2024-04-07 12:00:00",48,16.86,336.3,0,1.746,187.9,12.39,1.746,-18,0.9033334,1002.844,66,-12.33,-2.185,1.292,1.21058
"2024-04-07 13:00:00",49,16.82,320.9,0,1.375,195.5,11.65,1.375,-17.67,0.9422222,1002.962,64.4,-11.86,-2.129,1.296,1.15536
"2024-04-07 14:00:00",50,16.8,288.4,0,2.165,191.6,7.307,2.165,-17.68,0.9180555,1002.782,59.7,-13.18,-2.156,1.33,1.03824
"2024-04-07 15:00:00",51,16.81,126.8,0,1.277,197,39.53,1.277,-17.53,0.9055555,1002.644,55.3,-14.74,-2.206,1.359,0.45641
"2024-04-07 16:00:00",52,16.84,42.74,0,1.312,188.9,13.29,1.312,-18.83,0.8227777,1002.307,60.6,-18.42,-2.332,1.462,0.15387
"2024-04-07 17:00:00",53,16.79,32.96,0,2.524,188.8,6.542,2.524,-19.68,0.8366666,1002.136,62.1,-19.51,-2.368,1.487,0.11865
"2024-04-07 18:00:00",54,16.84,32.09,0,1.88,181.5,26.64,1.88,-18.51,0.9266666,1001.952,67,-18.89,-2.349,1.476,0.11552
"2024-04-07 19:00:00",55,16.89,14.54,0,2.233,188.7,45.55,2.233,-18.66,0.9363889,1001.923,68.1,-19.08,-2.368,1.494,0.05236
"2024-04-07 20:00:00",56,16.86,5.144,0,1.385,182.4,55.23,1.385,-18.22,0.9941667,1002.006,66.3,-18.62,-2.352,1.479,0.01852
"2024-04-07 21:00:00",57,16.89,0.864,0,1.551,188.8,38.12,1.551,-17.86,1.024167,1002.197,65.3,-18.33,-2.335,1.456,0.00311
"2024-04-07 22:00:00",58,16.97,0,0,1.126,157.9,64.41,1.126,-17.98,1.019444,1002.311,69.5,-18.31,-2.327,1.465,0
"2024-04-07 23:00:00",59,16.95,0,0,1.143,177.8,67.69,1.143,-17.64,1.061111,1002.266,70,-18.21,-2.331,1.464,0
"2024-04-08 00:00:00",60,16.9,0,0,1.303,161.4,70.24,1.303,-16.92,1.101389,1001.814,69.7,-17.49,-2.298,1.441,0
"2024-04-08 01:00:00",61,16.89,0,0,1.456,161.7,67.43,1.456,-17.4,1.066944,1002.066,68.7,-17.82,-2.315,1.448,0
"2024-04-08 02:00:00",62,16.89,1.586,0,2.413,175.4,21.92,2.413,-17.99,1.000278,1002.182,73,-18.57,-2.351,1.476,0.00571
"2024-04-08 03:00:00",63,16.95,9.48,0,1.4,188.5,27.2,1.4,-17.65,1.020833,1002.442,68.2,-18.16,-2.321,1.452,0.03414
"2024-04-08 04:00:00",64,16.93,30.11,0,0.956,179,37.44,0.956,-17.34,1.099722,1002.402,68.8,-17.5,-2.291,1.44,0.10838
"2024-04-08 05:00:00",65,16.89,60.78,0,0.963,189.5,33.5,0.963,-17.47,1.1,1002.297,68.5,-17.2,-2.296,1.427,0.21881
"2024-04-08 06:00:00",66,16.6,96.1,0,2.1,145.4,81.9,2.1,-16.42,1.151667,1002.368,69.7,-16.17,-2.265,1.413,0.34591
"2024-04-08 07:00:00",67,16.69,138.1,0,1.824,218,94.3,1.824,-15.22,1.264722,1002.551,67.5,-14.14,-2.201,1.347,0.49714
"2024-04-08 08:00:00",68,16.76,170.2,0,1.063,93.4,94.1,1.063,-14.75,1.312778,1003.09,70,-12.42,-2.151,1.307,0.6126599
"2024-04-08 09:00:00",69,16.82,291.1,0,1.052,205.3,68.41,1.052,-15.05,1.2825,1003.794,65.3,-8.46,-2.065,1.209,1.04797
"2024-04-08 10:00:00",70,16.71,129.1,0,1.393,177.2,47.26,1.393,-15.96,1.115556,1003.643,63.9,-13.57,-2.172,1.314,0.46468
"2024-04-08 11:00:00",71,16.45,331.3,0,1.618,185.2,14.15,1.618,-14.67,1.297222,1003.806,63.5,-10.67,-2.104,1.252,1.19277
"2024-04-08 12:00:00",72,16.72,347.8,0,1.274,32.67,71.51,1.274,-12.72,1.378611,1004.311,62,-6.564,-1.957,1.16,1.25201
"2024-04-08 13:00:00",73,16.78,324.6,0,1.759,201.1,64.43,1.759,-13.54,1.321389,1004.352,53.4,-8.25,-1.989,1.215,1.16854
"2024-04-08 14:00:00",74,16.75,244.5,0,1.39,190.7,64.58,1.39,-13.16,1.300555,1004.657,65.2,-8.93,-1.991,1.232,0.8801699
"2024-04-08 15:00:00",75,16.78,136.3,0,0.995,194.3,24.79,0.995,-13.78,1.293333,1004.617,62.8,-11.64,-2.091,1.285,0.49056
"2024-04-08 16:00:00",76,16.8,76.16,0,1.107,190.5,16.49,1.107,-14.65,1.221389,1004.474,62.9,-13.9,-2.163,1.353,0.27416
"2024-04-08 17:00:00",77,16.78,61.19,0,1.862,188.8,11.42,1.862,-14.99,1.229722,1004.365,60.9,-14.58,-2.203,1.368,0.22028
"2024-04-08 18:00:00",78,16.75,32.59,0,2.177,188.5,8.39,2.177,-15.17,1.199722,1004.291,70,-15.22,-2.226,1.378,0.11731
"2024-04-08 19:00:00",79,16.77,19.44,0,1.987,184.5,33.26,1.987,-14.43,1.277778,1004.089,64.3,-14.77,-2.218,1.363,0.06999999
"2024-04-08 20:00:00",80,16.9,10.67,0,1.611,190.2,64.14,1.611,-14.42,1.308333,1004.367,65.9,-14.62,-2.179,1.372,0.0384
"2024-04-08 21:00:00",81,16.82,1.753,0,1.261,166.6,46.94,1.261,-13.15,1.442222,1004.178,66.1,-13.58,-2.167,1.343,0.00631
"2024-04-08 22:00:00",82,16.94,0,0,1.795,197.3,28.45,1.795,-13.55,1.4275,1004.007,66.9,-14.01,-2.164,1.364,0
"2024-04-08 23:00:00",83,17,0,0,1.021,195.6,71.6,1.021,-12.99,1.5425,1003.937,66.3,-13.21,-2.136,1.348,0
"2024-04-09 00:00:00",84,16.93,0,0,1.249,164.9,69.11,1.249,-13.08,1.561944,1003.668,70.6,-13.32,-2.154,1.345,0
"2024-04-09 01:00:00",85,17,0.081,0,1.478,189.8,17.22,1.478,-12.92,1.605555,1003.734,68.5,-13.28,-2.139,1.344,0.00029
"2024-04-09 02:00:00",86,16.96,1.906,0,1.161,188.7,36.84,1.161,-12.44,1.713333,1003.757,73.2,-12.72,-2.127,1.341,0.00686
"2024-04-09 03:00:00",87,16.91,8,0,0.739,50.14,86.8,0.739,-12.83,1.7175,1003.555,78.7,-12.73,-2.127,1.336,0.0288
"2024-04-09 04:00:00",88,16.99,25.78,0,0.574,69.43,77.74,0.574,-12.59,1.879167,1003.065,81.6,-12.48,-2.125,1.323,0.09278999
"2024-04-09 05:00:00",89,16.92,32.97,0,0.662,70.42,77.55,0.662,-12.04,2.049444,1002.598,85.4,-11.71,-2.097,1.303,0.1187
"2024-04-09 06:00:00",90,16.64,46.85,0,0.588,42.73,86.6,0.588,-11.42,2.186666,1002.311,85.7,-10.93,-2.07,1.296,0.16867
"2024-04-09 07:00:00",91,16.72,70.8,0,1.002,176.9,89.5,1.002,-10.75,2.3275,1002.148,86.8,-9.91,-2.034,1.26,0.25487
"2024-04-09 08:00:00",92,16.75,116.4,0,0.66,159.8,88.1,0.66,-10,2.485555,1002.29,84.8,-8.58,-1.981,1.244,0.41921
"2024-04-09 09:00:00",93,16.74,137,0,0.572,174.2,32.39,0.572,-9.7,2.509722,1002.581,87,-7.605,-1.957,1.215,0.49327
"2024-04-09 10:00:00",94,16.67,159,0,0.67,226.6,70.6,0.67,-9.27,2.559167,1002.759,84.8,-7.063,-1.933,1.22,0.5724099
"2024-04-09 11:00:00",95,16.67,165.8,0,0.23,104.5,85.6,0.23,-8.35,2.709444,1003.112,85.6,-5.466,-1.876,1.181,0.59688
"2024-04-09 12:00:00",96,16.59,172.7,0,0.783,23.58,26.92,0.783,-8.52,2.658611,1003.357,76.7,-5.46,-1.861,1.162,0.6216999
"2024-04-09 13:00:00",97,16.66,150.3,0,0.42,21.54,70.13,0.42,-8.21,2.675278,1003.534,86.1,-5.46,-1.862,1.183,0.5411299
"2024-04-09 14:00:00",98,16.63,132.7,0,0.527,21.94,43.87,0.527,-8.28,2.666111,1003.724,82.5,-5.689,-1.855,1.178,0.47777
"2024-04-09 15:00:00",99,16.77,133.2,0,1.131,18.47,35.57,1.131,-8.71,2.613889,1003.795,79.4,-6.155,-1.884,1.184,0.47967
"2024-04-09 16:00:00",100,16.8,88.8,0,0.835,171.4,63.34,0.835,-8.95,2.567778,1003.68,82,-7.596,-1.934,1.224,0.31967
"2024-04-09 17:00:00",101,16.76,73.42,0,1.199,11.57,57.76,1.199,-9.08,2.601944,1003.59,83.9,-7.988,-1.953,1.233,0.26431
"2024-04-09 18:00:00",102,16.73,72.76,0,0.666,174.1,66.18,0.666,-9.94,2.441389,1003.698,83.5,-8.93,-1.968,1.273,0.26192
"2024-04-09 19:00:00",103,16.81,31.71,0,0.722,173.4,59.76,0.722,-9.82,2.418889,1003.95,82.9,-9.59,-1.981,1.282,0.11416
"2024-04-09 20:00:00",104,16.84,10.61,0,0.734,173.6,89.2,0.734,-9.69,2.493889,1004.244,87,-9.72,-2,1.279,0.03818
"2024-04-09 21:00:00",105,16.85,2.328,0,0.57,163.6,47.9,0.57,-9.88,2.463889,1004.536,87.4,-9.97,-1.999,1.291,0.00838
"2024-04-09 22:00:00",106,16.94,0.192,0,1.135,189.5,41.11,1.135,-10.84,2.265,1004.59,85.1,-10.89,-2.036,1.303,0.00069
"2024-04-09 23:00:00",107,16.93,0,0,1.68,181.4,16.38,1.68,-11.27,2.0075,1004.65,70,-11.47,-2.023,1.341,0
"2024-04-10 00:00:00",108,16.99,0,0,1.781,182.9,21.78,1.781,-11.61,1.849444,1004.684,74.8,-11.99,-2.074,1.325,0
"2024-04-10 01:00:00",109,16.94,0.8,0,2.015,172.2,12.62,2.015,-11.97,1.793333,1004.799,75.3,-12.29,-2.049,1.336,0.00288
"2024-04-10 02:00:00",110,16.91,8.68,0,1.69,174.2,17.73,1.69,-11.78,1.832222,1004.945,73,-12.2,-2.087,1.331,0.03123
"2024-04-10 03:00:00",111,16.96,20.73,0,1.323,173.7,20.12,1.323,-12.71,1.760556,1004.914,81.8,-12.8,-2.102,1.335,0.07461999
"2024-04-10 04:00:00",112,16.91,35.38,0,1.297,177.9,21.03,1.297,-12.85,1.744722,1004.84,74.9,-13.03,-2.112,1.349,0.12737
"2024-04-10 05:00:00",113,16.96,48.19,0,2.085,179.4,20.44,2.085,-13.42,1.679167,1004.759,77.6,-13.36,-2.146,1.347,0.17348
"2024-04-10 06:00:00",114,16.66,56.27,0,1.705,186.6,17.73,1.705,-13.68,1.656389,1004.696,80.8,-13.4,-2.123,1.351,0.20257
"2024-04-10 07:00:00",115,16.76,69.72,0,1.738,191.6,12.04,1.738,-13.92,1.6525,1004.713,87.3,-13.47,-2.131,1.353,0.25098
"2024-04-10 08:00:00",116,16.7,129.1,0,1.825,189.6,17.57,1.825,-14.32,1.661944,1004.641,86.7,-12.09,-2.119,1.315,0.46459
"2024-04-10 09:00:00",117,16.75,193.5,0,1.703,186.2,22.68,1.703,-13.53,1.709167,1004.739,75.7,-8.5,-2.03,1.244,0.69655
"2024-04-10 10:00:00",118,16.54,144.9,0,1.556,178.1,25.39,1.557,-13.08,1.655555,1004.623,81,-10.24,-2.049,1.268,0.52178
"2024-04-10 11:00:00",119,16.63,330.6,0,1.305,191.2,29.74,1.305,-12.61,1.799722,1004.405,73.5,-6.891,-1.938,1.185,1.19011
"2024-04-10 12:00:00",120,16.68,366.8,0,1.334,186,14.24,1.334,-12.71,1.719167,1004.436,73.1,-6.159,-1.909,1.163,1.32057
"2024-04-10 13:00:00",121,16.77,362.1,0,1.5,191.7,18.77,1.5,-12.47,1.699444,1004.299,68.9,-6.512,-1.884,1.143,1.30342
"2024-04-10 14:00:00",122,16.68,312.9,0,1.256,185.8,37.61,1.256,-12.02,1.713889,1004.124,66.6,-6.908,-1.869,1.257,1.12644
"2024-04-10 15:00:00",123,16.85,164.1,0,0.861,177.8,41.68,0.861,-12.74,1.582222,1003.876,69.2,-8.55,-1.93,1.291,0.5907199
"2024-04-10 16:00:00",124,16.74,44.33,0,1.249,186,20.69,1.249,-14.46,1.438611,1003.047,73.4,-14.04,-2.116,1.437,0.1596
"2024-04-10 17:00:00",125,16.74,34.66,0,1.536,187.3,45.88,1.536,-14.93,1.415,1002.509,71.6,-14.89,-2.139,1.457,0.12478
"2024-04-10 18:00:00",126,16.7,25.4,0,1.715,178.2,38.42,1.715,-15.8,1.342778,1001.761,72.6,-15.78,-2.186,1.461,0.09143999
"2024-04-10 19:00:00",127,16.75,16.51,0,1.838,189.1,9.82,1.838,-16.3,1.261667,1001.51,72.9,-16.6,-2.215,1.476,0.05944
"2024-04-10 20:00:00",128,16.83,8.44,0,1.754,190.6,34.7,1.754,-16.42,1.251667,1001.294,65.8,-16.95,-2.227,1.502,0.0304
"2024-04-10 21:00:00",129,16.81,3.025,0,1.887,182,42.12,1.887,-16.18,1.259722,1001.055,67.9,-16.83,-2.234,1.494,0.01089
"2024-04-10 22:00:00",130,16.9,0.711,0,1.58,177.2,25.28,1.58,-16.26,1.243055,1000.702,73.2,-16.82,-2.212,1.484,0.00256
"2024-04-10 23:00:00",131,16.89,0,0,1.793,185.9,36.8,1.793,-16.58,1.194722,1000.334,67.8,-17.19,-2.214,1.508,0
"2024-04-11 00:00:00",132,16.89,0,0,1.529,184.8,27.93,1.529,-16.13,1.239722,999.788,67.3,-16.89,-2.21,1.504,0
"2024-04-11 01:00:00",133,16.93,1.364,0,1.773,182.5,19.07,1.773,-16.35,1.214444,999.5889,74.3,-16.89,-2.201,1.497,0.00491
"2024-04-11 02:00:00",134,16.89,4.764,0,2.183,197,32.39,2.183,-16.37,1.185278,999.3027,75.3,-17,-2.252,1.485,0.01715
"2024-04-11 03:00:00",135,16.93,11.62,0,1.373,179.1,45.8,1.374,-15.84,1.235555,999.5175,69.2,-16.38,-2.212,1.474,0.04182
"2024-04-11 04:00:00",136,16.89,34.2,0,1.973,186.6,38.25,1.973,-15.98,1.223333,999.0241,68.5,-16.35,-2.205,1.48,0.12311
"2024-04-11 05:00:00",137,16.89,45.44,0,1.955,186.3,29.71,1.955,-15.6,1.243889,998.6891,66.5,-15.63,-2.177,1.449,0.16359
"2024-04-11 06:00:00",138,16.63,54.97,0,2.518,192.4,13.61,2.518,-16.17,1.19,998.5621,67.2,-15.91,-2.169,1.459,0.19788
"2024-04-11 07:00:00",139,16.66,65.14,0,2.245,187,17.37,2.245,-15.52,1.224167,998.4971,61.1,-15.54,-2.158,1.456,0.23449
"2024-04-11 08:00:00",140,16.68,219.5,0,2.042,185.6,19.52,2.042,-14.65,1.338333,998.5524,68.8,-12.01,-2.094,1.387,0.7902099
"2024-04-11 09:00:00",141,16.61,323,0,1.636,178.7,62.29,1.636,-11.11,1.515,998.9482,49.5,-6.705,-1.834,1.311,1.16284
"2024-04-11 10:00:00",142,16.7,203.5,0,3.362,131.7,34.98,3.362,-8.71,1.529166,999.3096,46.5,-6.076,-1.739,1.116,0.73246
"2024-04-11 11:00:00",143,16.7,372.4,0,3.59,116.7,28.67,3.59,-8.59,1.487778,999.5711,44.2,-4.017,-1.684,1.131,1.34075
"2024-04-11 12:00:00",144,16.64,384.3,0,3.933,118.1,18.63,3.933,-8.49,1.354722,999.8641,42,-4.103,-1.472,1.185,1.38331
"2024-04-11 13:00:00",145,16.71,362.6,0,4.636,115.3,13.67,4.636,-8.68,1.300833,999.9191,39.3,-4.797,-1.776,1.239,1.30524
"2024-04-11 14:00:00",146,16.66,259.5,0,3.777,132.3,29.57,3.777,-8.97,1.233889,1000.099,41.1,-6.324,-1.762,1.227,0.9342999
"2024-04-11 15:00:00",147,16.68,201.1,0,5.109,127.1,20.3,5.109,-9.38,1.202778,1000.078,40.9,-7.533,-1.848,1.323,0.7240099
"2024-04-11 16:00:00",148,16.77,113.7,0,3.69,77.47,78.32,3.69,-10.13,1.214722,1000.336,47.5,-9.16,-1.772,1.214,0.40929
"2024-04-11 17:00:00",149,16.72,53.87,0,1.31,200.7,76.81,1.31,-12.55,1.166111,1000.375,47.8,-11.88,-2.035,1.372,0.19392
"2024-04-11 18:00:00",150,16.82,35.84,0,1.284,188.6,50.51,1.284,-13.17,1.1,1000.189,47.8,-13.49,-2.092,1.412,0.12903
"2024-04-11 19:00:00",151,16.82,23.84,0,0.841,174.1,67.31,0.841,-13.31,1.1,1000.24,49.1,-13.8,-2.109,1.428,0.08583
"2024-04-11 20:00:00",152,16.88,11.86,0,0.969,215.5,78.38,0.969,-13.08,1.1075,1000.315,46.1,-14.06,-2.11,1.434,0.04269
"2024-04-11 21:00:00",153,16.89,3.236,0,1.588,65.88,96.5,1.588,-13.51,1.135278,1000.601,53.8,-13.69,-2.107,1.416,0.01165
"2024-04-11 22:00:00",154,16.95,0.664,0,1.1,180.3,28.04,1.1,-14.85,1.036667,1000.661,55.9,-15.37,-2.149,1.449,0.00239
"2024-04-11 23:00:00",155,16.96,0,0,1.864,192.8,46.9,1.864,-14.63,1.0425,1000.519,57.2,-15.31,-2.163,1.452,0
"2024-04-12 00:00:00",156,16.9,0,0,1.188,200.6,59.71,1.188,-15.68,1.000278,1000.677,52.6,-16.05,-2.187,1.451,0
"2024-04-12 01:00:00",157,16.94,1.067,0,1.309,183.7,31.29,1.309,-15.4,1,1000.901,52.9,-16.19,-2.193,1.467,0.00384
"2024-04-12 02:00:00",158,16.95,4.947,0,2.202,182,12.01,2.202,-15.66,0.98,1001.277,48.7,-16.27,-2.198,1.473,0.01781
"2024-04-12 03:00:00",159,16.91,14.19,0,2.507,177.8,12.6,2.507,-15.21,0.9769444,1001.438,50,-15.63,-2.169,1.467,0.05109
"2024-04-12 04:00:00",160,16.96,44.48,0,2.178,182.6,19.49,2.178,-14.71,1.002222,1001.407,56.3,-14.72,-2.13,1.439,0.16011
"2024-04-12 05:00:00",161,16.89,51.87,0,2.088,185.9,14.73,2.088,-15.5,0.9997222,1001.147,50.4,-15.34,-2.159,1.445,0.18674
"2024-04-12 06:00:00",162,16.84,62.63,0,2.159,187.4,16.09,2.159,-15.85,0.9841666,1001.037,52.4,-15.49,-2.157,1.444,0.22545
"2024-04-12 07:00:00",163,16.72,88.2,0,2.364,186.1,10.18,2.364,-16.04,0.9927778,1000.86,59.5,-15.48,-2.176,1.446,0.31754
"2024-04-12 08:00:00",164,16.6,221,0,1.784,184.3,12.25,1.784,-15.3,1.014167,1000.883,58.3,-12.83,-2.105,1.388,0.7957699
"2024-04-12 09:00:00",165,16.7,308.1,0,1.765,187,20.5,1.765,-15.06,1.004167,1001.208,57.6,-10.1,-2.037,1.335,1.10932
"2024-04-12 10:00:00",166,16.77,221.6,0,1.15,179.7,25.49,1.15,-14.34,1.005556,1001.341,51.1,-10.72,-2.031,1.328,0.7979199
"2024-04-12 11:00:00",167,16.62,370.3,0,1.36,181.9,41.89,1.36,-13.3,1.118056,1001.281,52,-7.577,-1.948,1.261,1.33322
"2024-04-12 12:00:00",168,16.75,381.2,0,1.885,4.386,60.84,1.885,-10.75,1.275278,1001.336,44.5,-5.001,-1.829,1.216,1.37239
"2024-04-12 13:00:00",169,16.65,365.2,0,4.09,121,30.96,4.09,-8.36,1.300278,1001.141,41.2,-4.324,-1.906,1.19,1.31474
"2024-04-12 14:00:00",170,16.58,322.5,0,4.385,130.7,21.33,4.385,-8.48,1.318056,1001.119,42,-5.106,-1.601,1.263,1.16108
"2024-04-12 15:00:00",171,16.52,195.5,0,4.699,128,24.01,4.699,-8.78,1.333055,1001.089,43.5,-6.548,-1.909,1.243,0.70381
"2024-04-12 16:00:00",172,16.83,66.9,0,2.645,130.3,51.52,2.645,-9.46,1.3,1000.914,44.9,-9.03,-1.866,1.36,0.24083
"2024-04-12 17:00:00",173,16.87,66.37,0,3.084,178.3,44.02,3.084,-9.75,1.3,1000.461,45.1,-9.57,-1.923,1.294,0.23892
"2024-04-12 18:00:00",174,16.82,44.81,0,3.864,158.1,30.41,3.864,-9.67,1.3,1000.144,43.5,-9.63,-2.012,1.198,0.1613
"2024-04-12 19:00:00",175,16.89,23.17,0,4.599,144.8,32.66,4.599,-9.53,1.299722,1000.041,42.9,-9.7,-1.808,1.416,0.08340999
"2024-04-12 20:00:00",176,16.84,12.78,0,5.214,139.9,22.67,5.214,-9.79,1.3,999.9719,46.7,-9.9,-1.849,1.158,0.04602
"2024-04-12 21:00:00",177,16.96,5.806,0,5.685,131.4,25.78,5.685,-9.87,1.3,999.8244,46.2,-10.14,-1.551,1.132,0.0209
"2024-04-12 22:00:00",178,16.99,3.889,0,5.445,132.4,23.64,5.445,-9.59,1.313333,999.6661,44.8,-9.9,-2.15,1.306,0.014
"2024-04-12 23:00:00",179,16.94,1.128,0,5.433,129.9,19.1,5.433,-8.88,1.301389,999.7589,41.5,-9.28,-1.842,1.078,0.00406
"2024-04-13 00:00:00",180,17.01,1.156,0,3.682,130.5,39.98,3.682,-8.69,1.3,999.8181,39.9,-9.07,-1.745,1.314,0.00416
"2024-04-13 01:00:00",181,17,3.081,0,4.093,89,61.7,4.093,-8.2,1.3725,999.6322,42.3,-8.6,-1.752,1.218,0.01109
"2024-04-13 02:00:00",182,17,5.908,0,3.428,37.25,76.51,3.428,-7.937,1.474167,999.6489,46.7,-8.31,-2.002,1.275,0.02127
"2024-04-13 03:00:00",183,17.02,16.09,0,3.85,243.5,38.31,3.85,-8.33,1.519722,999.5794,48.9,-8.48,-1.919,1.37,0.05793
"2024-04-13 04:00:00",184,16.95,34.27,0,3.432,166.3,43.15,3.432,-8.31,1.669722,999.2739,55.4,-8.35,-1.845,1.336,0.12338
"2024-04-13 05:00:00",185,17,64.57,0,4.91,190.8,27.12,4.91,-8.11,1.838055,999.1163,55,-7.974,-2.093,1.203,0.23246
"2024-04-13 06:00:00",186,16.92,78.66,0,6.509,195.5,16.09,6.509,-7.756,1.9,999.0175,57.2,-7.365,-1.916,1.242,0.28317
"2024-04-13 07:00:00",187,16.9,136.9,0,5.054,158.2,33.4,5.054,-8.02,1.949167,999.1705,60.4,-7.208,-1.841,1.238,0.49281
"2024-04-13 08:00:00",188,16.9,189.6,0,6.37,140.3,23.35,6.37,-8.08,2.000833,999.2194,60.2,-6.936,-1.391,1.078,0.6825399
"2024-04-13 09:00:00",189,16.85,257.8,0,5.867,140.7,21.57,5.867,-7.715,2.094444,999.3216,60.9,-6.022,-1.568,1.091,0.9281399
"2024-04-13 10:00:00",190,16.89,290.2,0,5.853,125.6,20.89,5.853,-7.027,2.201389,999.3458,60.3,-4.781,-1.203,1.095,1.04486
"2024-04-13 11:00:00",191,16.89,300.5,0,6.287,136.2,21.06,6.287,-6.741,2.269444,999.3947,60.7,-4.178,-1.276,1.12,1.08165
"2024-04-13 12:00:00",192,16.89,371.8,0,6.362,139.2,22.62,6.362,-6.181,2.355,999.3822,60.7,-2.916,-1.689,1.193,1.33855
"2024-04-13 13:00:00",193,16.87,337.6,0,5.95,136.2,21.97,5.95,-5.856,2.414166,999.4094,61.4,-2.681,-1.474,1.246,1.21536
"2024-04-13 14:00:00",194,16.86,300.2,0,4.348,151.1,24.29,4.348,-5.616,2.423889,999.6147,59.6,-2.534,-1.665,1.168,1.08061
"2024-04-13 15:00:00",195,16.93,199.7,0,4.956,152.9,24.88,4.956,-5.837,2.357778,999.4996,59.1,-3.647,-1.68,1.145,0.71895
"2024-04-13 16:00:00",196,16.85,68.77,0,4.751,140.5,29.89,4.751,-6.269,2.3,999.2433,59.3,-5.872,-1.627,1.263,0.24756
"2024-04-13 17:00:00",197,16.89,46.72,0,2.622,160.9,71.55,2.622,-6.33,2.3,999.0695,59.9,-6.248,-1.771,1.256,0.1682
"2024-04-13 18:00:00",198,16.91,35.19,0,4.71,148.3,31.57,4.71,-7.106,2.227778,998.8389,63.4,-6.979,-1.767,1.21,0.12667
"2024-04-13 19:00:00",199,16.97,26.8,0,6.411,160.2,21.48,6.411,-7.793,2.12,998.8722,59.4,-7.769,-1.514,1.192,0.09647999
"2024-04-13 20:00:00",200,16.9,18.22,0,9.42,144.4,24.89,9.42,-9.12,1.825,998.6947,59.6,-8.95,-2.123,1.493,0.06558
"2024-04-13 21:00:00",201,16.93,8.77,0,10.51,118,9.17,10.51,-9.8,1.704444,998.5883,61.5,-9.94,-1.517,1.334,0.03157
"2024-04-13 22:00:00",202,16.88,3.461,0,4.33,163.3,52.26,4.33,-9.46,1.781389,999.2617,61.6,-9.84,-1.757,1.25,0.01246
"2024-04-13 23:00:00",203,16.96,2,0,9.18,128.6,17.63,9.18,-9.8,1.793889,998.9208,61.7,-9.94,-1.739,1.484,0.007199999
"2024-04-14 00:00:00",204,17.01,2,0,8.34,127.9,18.59,8.34,-10.01,1.798889,999.0786,62.7,-10.23,-1.205,0.806,0.007199999
"2024-04-14 01:00:00",205,16.94,3.642,0,7.439,134.7,24.75,7.439,-9.75,1.807778,999.4525,62.9,-9.98,-1.421,0.987,0.01311
"2024-04-14 02:00:00",206,17,8.98,0,5.963,132.2,26.91,5.963,-10.26,1.783055,999.8864,63.9,-10.36,-1.783,1.321,0.03234
"2024-04-14 03:00:00",207,16.92,17.81,0,7.75,133.3,22.11,7.75,-10.59,1.625278,999.6975,52.2,-10.69,-1.566,1.344,0.06412999
"2024-04-14 04:00:00",208,16.9,68.44,0,9.35,128.4,19.94,9.35,-11.71,1.248333,999.6299,50.4,-11.23,-2.044,1.543,0.24639
"2024-04-14 05:00:00",209,16.97,59.33,0,9.53,129.2,20.19,9.53,-12.28,1.197222,999.7652,49,-12.04,-1.455,1.453,0.21358
"2024-04-14 06:00:00",210,16.91,55.93,0,8.1,126.7,23.28,8.1,-12.78,1.109444,1000.382,49.2,-12.51,-1.836,0.907,0.20136
"2024-04-14 07:00:00",211,16.89,68.14,0,8.42,133.8,23.38,8.42,-13.02,1.122222,1000.618,50.9,-12.7,-1.182,2.053,0.24532
"2024-04-14 08:00:00",212,16.89,248.1,0,5.046,196.4,52.99,5.046,-12.64,1.191667,1001.856,51.1,-10.21,-1.933,1.229,0.8929999
"2024-04-14 09:00:00",213,16.86,334.6,0,6.986,130.9,36.15,6.986,-12.59,1.2,1002.079,50.8,-8.67,-1.731,1.332,1.20458
"2024-04-14 10:00:00",214,16.87,298.1,0,8.48,120.8,13.55,8.48,-12.57,1.169444,1002.051,50.9,-9.74,-2.248,1.206,1.07322
"2024-04-14 11:00:00",215,16.9,386,0,9.57,120.3,12.98,9.57,-12.4,1.2,1002.052,49.4,-8.79,-1.299,1.598,1.38944
"2024-04-14 12:00:00",216,16.88,388.9,0,8.16,129.1,19.81,8.16,-12.17,1.2,1002.544,50.6,-8.54,-1.658,1.3,1.39996
"2024-04-14 13:00:00",217,16.82,374,0,8.54,124.2,18.62,8.54,-12.03,1.2,1002.637,48.6,-8.7,-1.568,1.413,1.34652
"2024-04-14 14:00:00",218,16.79,341.1,0,8.4,125,18.22,8.4,-11.87,1.2,1002.909,50.8,-8.96,-1.766,1.083,1.22809
"2024-04-14 15:00:00",219,16.83,225.8,0,8.12,130.4,18.87,8.12,-11.5,1.203889,1003.158,47.6,-9.59,-1.695,1.852,0.81283
"2024-04-14 16:00:00",220,16.81,45.98,0,6.994,129.6,19.39,6.994,-11.32,1.226389,1003.496,47.2,-11.12,-1.784,1.497,0.16554
"2024-04-14 17:00:00",221,16.84,37.69,0,6.534,123.5,18.77,6.534,-11.55,1.28,1003.772,47.9,-11.44,-1.827,1.335,0.13567
"2024-04-14 18:00:00",222,16.8,29.1,0,6.81,124.9,18.89,6.81,-11.8,1.253611,1004.021,50.2,-11.8,-2.033,1.405,0.10476
"2024-04-14 19:00:00",223,16.83,21.09,0,5.16,120.8,23.11,5.16,-11.94,1.203611,1004.618,49,-12.01,-2.079,1.296,0.07592999
"2024-04-14 20:00:00",224,16.9,13.84,0,4.148,131.1,26.76,4.148,-12.03,1.2,1005.026,48.3,-12.24,-2.071,1.464,0.04983
"2024-04-14 21:00:00",225,16.87,7.783,0,2.026,195.9,43.63,2.026,-13.2,1.157222,1005.316,56.2,-13.27,-1.992,1.484,0.02802
"2024-04-14 22:00:00",226,16.95,3.817,0,2.014,185.4,14.57,2.014,-15.05,1.1,1005.427,57.3,-15.22,-2.075,1.487,0.01374
"2024-04-14 23:00:00",227,16.88,2.219,0,1.761,186.5,26.34,1.761,-14.91,1.138889,1005.582,62.5,-15.65,-2.075,1.517,0.007989999
"2024-04-15 00:00:00",228,16.9,2.467,0,2.218,200.2,28.06,2.218,-14.59,1.188333,1005.837,59.4,-15.15,-2.067,1.502,0.00888
"2024-04-15 01:00:00",229,16.95,4.647,0,1.083,177.8,47.21,1.083,-15.19,1.164722,1005.948,58.1,-15.67,-2.095,1.509,0.01673
"2024-04-15 02:00:00",230,16.94,9.38,0,0.839,188.8,48.86,0.839,-15.52,1.143889,1005.973,62.4,-16.23,-2.113,1.526,0.03375
"2024-04-15 03:00:00",231,16.98,18.98,0,0.893,185.6,30.53,0.893,-16.2,1.136389,1006.111,69,-16.63,-2.132,1.536,0.06831999
"2024-04-15 04:00:00",232,16.92,76.68,0,1.01,172.6,40.11,1.01,-16.22,1.136389,1006.197,68.6,-15.87,-2.109,1.497,0.27606
"2024-04-15 05:00:00",233,16.89,67.97,0,1.187,184.7,22.67,1.187,-16.25,1.170278,1006.25,66.8,-15.67,-2.105,1.491,0.24469
"2024-04-15 06:00:00",234,16.79,54.18,0,1.122,186.7,26.82,1.122,-16.11,1.205,1006.263,69.7,-16.08,-2.113,1.522,0.19504
"2024-04-15 07:00:00",235,16.7,64.7,0,1.239,176.1,45.02,1.239,-15.97,1.202222,1006.35,72.1,-15.69,-2.099,1.502,0.23292
"2024-04-15 08:00:00",236,16.55,286.4,0,1.307,178.3,33.91,1.307,-15.45,1.368611,1006.677,74.6,-11.48,-2.004,1.431,1.03111
"2024-04-15 09:00:00",237,16.64,335.5,0,1.316,194.1,21.44,1.316,-15.15,1.347778,1007.235,66,-9,-1.927,1.348,1.20763
"2024-04-15 10:00:00",238,16.71,333.2,0,0.921,176.5,43.21,0.921,-13.69,1.429722,1007.584,66.4,-7.779,-1.856,1.312,1.1996
"2024-04-15 11:00:00",239,16.82,388.2,0,0.789,175,19.96,0.789,-12.74,1.5,1007.997,62.3,-5.348,-1.785,1.24,1.39745
"2024-04-15 12:00:00",240,16.8,382.5,0,0.538,194.2,43.97,0.538,-11.73,1.576111,1008.185,53.1,-4.763,-1.753,1.243,1.37716
"2024-04-15 13:00:00",241,16.72,354.8,0,0.448,212.6,51.92,0.448,-10.65,1.595278,1008.597,60.3,-3.218,-1.667,1.208,1.27742
"2024-04-15 14:00:00",242,16.64,306.8,0,0.734,239.4,93.5,0.734,-10.96,1.570278,1008.555,57.6,-4.987,-1.707,1.256,1.10441
"2024-04-15 15:00:00",243,16.76,229.5,0,0.353,50.9,89.2,0.353,-10.52,1.555555,1008.651,53.6,-5.466,-1.721,1.263,0.8262299
"2024-04-15 16:00:00",244,16.75,52.72,0,0.52,17.02,96.8,0.52,-12.78,1.399167,1008.158,65.7,-11.32,-1.937,1.414,0.1898
"2024-04-15 17:00:00",245,16.79,42.04,0,1.283,188.7,22,1.283,-13.96,1.351111,1007.881,64.1,-13.79,-2.036,1.469,0.15134
"2024-04-15 18:00:00",246,16.77,31.43,0,0.951,196.8,57.47,0.951,-14.44,1.310555,1007.767,65.1,-14.52,-2.069,1.49,0.11315
"2024-04-15 19:00:00",247,16.74,24.66,0,0.828,195.7,85.7,0.828,-14.69,1.307778,1007.697,65.8,-14.95,-2.061,1.492,0.08876999
"2024-04-15 20:00:00",248,16.86,16.8,0,0.834,165.4,63.43,0.834,-14.59,1.349167,1007.632,72.1,-15.07,-2.073,1.49,0.06047999
"2024-04-15 21:00:00",249,16.92,8.96,0,0.664,136.8,65.71,0.664,-14.39,1.4025,1007.819,71.3,-14.8,-2.074,1.491,0.03226
"2024-04-15 22:00:00",250,16.91,3.836,0,0.962,179.2,22.07,0.962,-14.21,1.529444,1007.724,73.8,-14.38,-2.064,1.479,0.01381
"2024-04-15 23:00:00",251,16.96,2.147,0,0.568,143.6,85,0.568,-14,1.596667,1007.701,80.3,-14.18,-2.052,1.491,0.00773
"2024-04-16 00:00:00",252,16.93,2,0,0.565,59.2,80.1,0.565,-13.85,1.705556,1007.622,81.4,-13.93,-2.037,1.472,0.007199999
"2024-04-16 01:00:00",253,16.94,3.528,0,0.756,151.4,87.7,0.757,-13.5,1.764722,1007.629,84.3,-13.58,-2.043,1.468,0.0127
"2024-04-16 02:00:00",254,16.96,8.35,0,0.803,128.2,73.81,0.803,-13.09,1.875555,1007.51,84,-13.18,-2.011,1.461,0.03006
"2024-04-16 03:00:00",255,16.9,19.08,0,1.086,187.5,95.4,1.086,-13.06,1.886111,1007.513,83.1,-12.93,-2.013,1.456,0.06867
"2024-04-16 04:00:00",256,16.96,41.51,0,1.092,175.4,64.04,1.092,-12.97,1.891389,1007.388,84.3,-12.71,-1.997,1.448,0.14943
"2024-04-16 05:00:00",257,16.87,77.75,0,0.858,68.38,83.4,0.858,-13.09,1.903055,1007.227,84.9,-12.24,-1.98,1.445,0.27991
"2024-04-16 06:00:00",258,16.72,136.6,0,1.216,190.1,84.3,1.216,-12.83,1.909167,1007.229,79.5,-11.69,-1.976,1.427,0.49177
"2024-04-16 07:00:00",259,16.7,126.9,0,0.931,178,73.11,0.931,-12.8,1.888611,1007.397,85.3,-10.96,-1.955,1.406,0.45697
"2024-04-16 08:00:00",260,16.77,315.4,0,0.766,175.9,64.71,0.766,-12.25,1.959167,1007.765,78.3,-7.546,-1.851,1.332,1.13548
"2024-04-16 09:00:00",261,16.65,231.2,0,0.891,13.7,79.67,0.891,-11.76,1.901389,1008.155,76.4,-8,-1.829,1.341,0.8324199
"2024-04-16 10:00:00",262,16.63,251.2,0,0.976,259.8,91.3,0.976,-11.51,2.031111,1008.336,80.8,-7.882,-1.816,1.337,0.9043999
"2024-04-16 11:00:00",263,16.56,323.2,0,0.509,346,55.63,0.509,-10.3,2.170555,1008.63,80.5,-4.979,-1.744,1.261,1.16346
"2024-04-16 12:00:00",264,16.65,348.7,0,1.288,187.6,17.21,1.288,-11.23,1.964444,1008.892,73.7,-4.649,-1.714,1.245,1.25545
"2024-04-16 13:00:00",265,16.75,354.6,0,0.862,227.9,74.34,0.862,-10.65,1.995555,1008.985,75,-5.307,-1.72,1.264,1.27665
"2024-04-16 14:00:00",266,16.71,286,0,1.06,218.2,75.65,1.06,-10.95,1.972778,1009.298,68.7,-5.868,-1.751,1.275,1.02958
"2024-04-16 15:00:00",267,16.76,193.2,0,0.717,222.2,91.5,0.717,-10.79,2.031667,1009.424,74.4,-7.801,-1.803,1.334,0.69554
"2024-04-16 16:00:00",268,16.83,148.1,0,0.611,187.4,34.87,0.611,-11.05,2.048055,1009.32,74.3,-8.93,-1.843,1.358,0.53303
"2024-04-16 17:00:00",269,16.76,109.6,0,0.736,142.3,80.5,0.736,-11.28,2.013611,1009.574,79.7,-9.82,-1.883,1.381,0.39454
"2024-04-16 18:00:00",270,16.77,87.7,0,0.865,183.2,34.43,0.865,-12.01,1.956111,1009.739,79.8,-10.92,-1.916,1.41,0.31582
"2024-04-16 19:00:00",271,16.8,40.57,0,1.521,186.9,10.9,1.52,-12.49,1.847778,1009.752,77.7,-12.1,-1.957,1.431,0.14604
"2024-04-16 20:00:00",272,16.87,20.55,0,1.577,189,10.39,1.577,-13.44,1.709167,1009.916,80.7,-13.4,-1.993,1.47,0.07397
"2024-04-16 21:00:00",273,16.94,13.25,0,2.337,191.1,6.53,2.337,-13.89,1.657222,1010.171,74.2,-14.12,-2.027,1.473,0.04769
"2024-04-16 22:00:00",274,16.95,6.906,0,1.567,177.2,66.14,1.567,-13.63,1.673056,1010.555,84.2,-14.01,-2.031,1.473,0.02486
"2024-04-16 23:00:00",275,17.01,4.761,0,1.247,164.8,47.4,1.247,-13.36,1.689444,1010.794,76.4,-13.87,-2.011,1.479,0.01714
"2024-04-17 00:00:00",276,16.98,4.047,0,1.38,187.6,45.44,1.38,-12.5,1.853889,1011.079,81.3,-12.92,-1.999,1.449,0.01457
"2024-04-17 01:00:00",277,17,6.656,0,1.357,108.7,88.8,1.357,-12.03,1.921389,1011.134,78.5,-12.12,-1.958,1.439,0.02396
"2024-04-17 02:00:00",278,16.95,11.41,0,0.737,119.3,83.6,0.737,-13,1.833889,1011.449,80.6,-12.85,-1.989,1.46,0.04107
"2024-04-17 03:00:00",279,16.92,27.56,0,0.997,169.4,42.22,0.997,-12.18,1.952778,1011.69,81.6,-12.34,-1.968,1.447,0.09922999
"2024-04-17 04:00:00",280,17,50.12,0,0.948,40.26,69.08,0.948,-11.94,2,1011.902,84.1,-11.53,-1.951,1.428,0.18044
"2024-04-17 05:00:00",281,16.8,82.9,0,0.67,60.83,69.97,0.67,-12.25,1.971944,1012.194,81.2,-11.25,-1.931,1.417,0.29838
"2024-04-17 06:00:00",282,16.65,117.9,0,1.072,188.9,9.64,1.072,-11.69,2.050278,1012.526,81.9,-10.66,-1.915,1.404,0.42446
"2024-04-17 07:00:00",283,16.62,125.3,0,0.815,165.2,44.54,0.815,-11.54,2.038333,1012.679,82.2,-9.96,-1.885,1.395,0.451
"2024-04-17 08:00:00",284,16.67,243.5,0,1.836,184.5,13.87,1.836,-12.59,1.899444,1012.679,76.7,-8.92,-1.879,1.354,0.8765299
"2024-04-17 09:00:00",285,16.7,348.7,0,1.717,192.5,15.13,1.717,-12.4,1.886667,1012.899,78.1,-7.457,-1.857,1.321,1.25543
"2024-04-17 10:00:00",286,16.76,291.5,0,0.797,195.4,20.62,0.797,-11.18,1.965278,1013.464,73.6,-6.135,-1.783,1.285,1.04923
"2024-04-17 11:00:00",287,16.76,289.9,0,1.121,193.3,46.96,1.121,-10.93,1.980555,1013.325,74.7,-6.918,-1.801,1.311,1.04378
"2024-04-17 12:00:00",288,16.66,386.4,0,1.361,182.2,21,1.361,-10.24,2.068333,1013.444,72.9,-4.109,-1.727,1.239,1.39121
"2024-04-17 13:00:00",289,16.72,392.1,0,1.528,196.8,10.32,1.528,-10.35,2,1013.484,74.8,-4.528,-1.708,1.254,1.41144
"2024-04-17 14:00:00",290,16.69,359.6,0,1.715,186.7,7.913,1.715,-10.45,1.951389,1013.487,72.9,-5.044,-1.715,1.261,1.29442
"2024-04-17 15:00:00",291,16.84,268.5,0,1.319,195.3,26.99,1.319,-10.5,1.915,1013.321,68.7,-6.216,-1.745,1.283,0.9665099
"2024-04-17 16:00:00",292,16.87,51.9,0,1.551,190.8,4.559,1.551,-11.69,1.725833,1012.681,69.3,-10.59,-1.895,1.398,0.18685
"2024-04-17 17:00:00",293,16.79,42.71,0,1.4,190.3,14.47,1.4,-12.27,1.6925,1012.173,68.3,-12.2,-1.963,1.443,0.15375
"2024-04-17 18:00:00",294,16.73,33.66,0,2.168,192.4,5.912,2.168,-13.39,1.602222,1011.825,70.2,-13.24,-2.018,1.44,0.12119
"2024-04-17 19:00:00",295,16.81,25.08,0,1.937,189.8,11.99,1.937,-12.69,1.643055,1011.515,69.1,-13.08,-1.995,1.467,0.09028
"2024-04-17 20:00:00",296,16.92,17.56,0,1.502,184.1,29.64,1.502,-12.53,1.630278,1011.397,69.5,-12.93,-1.988,1.469,0.06321
"2024-04-17 21:00:00",297,16.94,11.31,0,1.581,185,22.88,1.581,-12.71,1.606111,1011.197,71.7,-13.24,-1.984,1.466,0.0407
"2024-04-17 22:00:00",298,16.98,6.772,0,1.592,199.3,75.88,1.592,-12.07,1.641667,1010.567,63.6,-12.77,-1.992,1.466,0.02438
"2024-04-17 23:00:00",299,16.96,5,0,2.221,184.7,50.41,2.221,-11.23,1.729167,1010.01,66.3,-12.03,-1.942,1.429,0.018
"2024-04-18 00:00:00",300,17.03,5.35,0,2.947,177.7,30.16,2.947,-8.52,1.935556,1009.708,58.7,-9.45,-1.883,1.352,0.01926
"2024-04-18 01:00:00",301,16.99,8.08,0,2.931,164.3,42.05,2.931,-7.428,1.928056,1009.389,55.5,-8.13,-1.92,1.328,0.02909
"2024-04-18 02:00:00",302,17.01,26.18,0,2.966,154.3,45.31,2.966,-6.723,2.099167,1008.861,57,-7.129,-1.704,1.341,0.09423
"2024-04-18 03:00:00",303,16.96,39.36,0,3.901,137.5,36.3,3.901,-5.719,2.38,1008.273,61,-5.895,-1.803,1.181,0.14169
"2024-04-18 04:00:00",304,16.99,40.39,0,4.956,139,30.66,4.956,-5.669,2.5,1007.636,64.9,-5.575,-1.554,1.062,0.14542
"2024-04-18 05:00:00",305,17.01,43.29,0,4.181,166.2,27.41,4.181,-5.584,2.503333,1007.011,62.6,-5.638,-1.881,1.259,0.15586
"2024-04-18 06:00:00",306,16.71,84.5,0,4.441,134.1,37.93,4.441,-5.186,2.619444,1006.447,65.1,-4.929,-1.641,1.348,0.30429
"2024-04-18 07:00:00",307,16.71,125.7,0,4.989,145.4,46.07,4.989,-5.172,2.799166,1005.941,73.5,-4.364,-1.766,1.274,0.45247
"2024-04-18 08:00:00",308,16.61,247.6,0,4.501,146,43.93,4.501,-5.338,2.891389,1005.769,72.6,-3.054,-1.697,1.057,0.8912399
"2024-04-18 09:00:00",309,16.61,326.7,0,4.75,147.1,31.18,4.75,-5.241,2.8625,1005.412,67.8,-1.767,-1.51,1.354,1.17596
"2024-04-18 10:00:00",310,16.73,384.3,0,5.608,131.7,22.76,5.608,-5.217,2.863611,1004.751,69.7,-1.569,-1.379,1.142,1.38341
"2024-04-18 11:00:00",311,16.71,356.5,0,5.469,130.6,26.22,5.469,-5.142,2.793611,1004.301,65.8,-1.793,-1.654,1.216,1.28348
"2024-04-18 12:00:00",312,16.74,290.9,0,6.696,121.7,18.02,6.696,-5.045,2.706389,1003.676,62.3,-2.526,-1.527,1.139,1.04706
"2024-04-18 13:00:00",313,16.55,268.5,0,4.24,137.5,46.86,4.24,-4.658,2.727222,1003.456,62.7,-2.901,-1.623,1.099,0.9665599
"2024-04-18 14:00:00",314,16.75,250.7,0,4.176,142.6,41.81,4.176,-4.038,2.797222,1003.099,61.5,-2.233,-1.51,1.116,0.9025599
"2024-04-18 15:00:00",315,16.85,198.6,0,5.813,124.1,19.64,5.813,-3.761,2.946666,1002.893,67.7,-2.546,-1.394,1.211,0.7147899
"2024-04-18 16:00:00",316,16.82,155.4,0,4.981,130.7,20.75,4.981,-3.778,3.163333,1002.941,68.3,-2.839,-1.253,1.034,0.5595099
"2024-04-18 17:00:00",317,16.73,101.9,0,3.17,146,66.69,3.17,-3.932,3.439444,1002.865,83.6,-3.178,-1.872,1.169,0.36696
"2024-04-18 18:00:00",318,16.8,99.8,0,2.181,185.3,60.6,2.182,-3.742,3.505556,1002.756,71.2,-3.107,-1.69,1.228,0.35925
"2024-04-18 19:00:00",319,16.8,53.15,0,2.384,193.9,38.01,2.384,-4.177,3.437778,1002.806,74.1,-3.827,-1.657,1.233,0.19133
"2024-04-18 20:00:00",320,16.92,35.56,0,2.928,134.2,64.92,2.928,-2.073,3.718611,1003.125,70.3,-2.494,-1.597,1.195,0.12801
"2024-04-18 21:00:00",321,16.89,22.02,0,2.229,65.47,78.47,2.229,-1.266,3.976944,1003.419,67.9,-1.499,-1.658,1.169,0.07926999
"2024-04-18 22:00:00",322,17.01,8.98,0,3.671,125.5,30.01,3.671,0.358,4.189444,1003.785,65.7,-0.1,-1.516,1.142,0.03233
"2024-04-18 23:00:00",323,17,2.7,0,3.077,137,38.27,3.077,0.646,4.09,1004.314,61.9,0.323,-1.548,1.129,0.00972
"2024-04-19 00:00:00",324,16.98,3.475,0,3.053,92.2,34.13,3.053,0.554,3.710555,1004.728,56.2,0.237,-1.654,1.129,0.01251
"2024-04-19 01:00:00",325,17.02,9.6,0,3.724,111.4,24.57,3.724,0.173,3.343333,1005.471,52.6,-0.078,-1.581,1.112,0.03457
"2024-04-19 02:00:00",326,16.97,14.04,0,3.145,119,43.91,3.145,-0.136,2.9775,1005.988,50.4,-0.434,-1.544,1.142,0.05056
"2024-04-19 03:00:00",327,16.97,29.16,0,3.152,105.3,61.38,3.152,-0.587,2.920833,1006.319,49.5,-0.718,-1.661,1.129,0.10498
"2024-04-19 04:00:00",328,17,50.16,0,3.609,99.5,32.13,3.609,-0.996,2.905833,1006.624,52.1,-0.956,-1.451,1.145,0.18057
"2024-04-19 05:00:00",329,17.02,86.8,0,3.994,130.4,39.8,3.994,-1.218,2.840278,1006.944,50.8,-0.963,-1.429,1.174,0.31258
"2024-04-19 06:00:00",330,16.73,128,0,3.143,126,55.89,3.143,-1.204,2.869166,1007.414,52.5,-0.677,-1.437,1.203,0.4607
"2024-04-19 07:00:00",331,16.72,152.5,0,4.111,99.2,32.94,4.111,-1.405,3.003333,1007.794,55.4,-0.614,-1.689,1.045,0.5489799
"2024-04-19 08:00:00",332,16.72,183.3,0,4.433,92.4,27.44,4.433,-1.457,3.040833,1008.233,55.1,-0.472,-1.465,1.201,0.65999
"2024-04-19 09:00:00",333,16.77,211.7,0,4.191,96.9,25.3,4.191,-1.469,3.066666,1008.507,55.8,-0.23,-1.597,1.097,0.76195
"2024-04-19 10:00:00",334,16.75,206.8,0,3.364,123.7,41.53,3.364,-1.246,3.009444,1008.752,52.4,0.046,-1.55,1.128,0.7442999
"2024-04-19 11:00:00",335,16.75,228.3,0,4.521,168,41.69,4.521,-1.049,3.009722,1008.834,54.5,0.293,-1.555,1.091,0.82177
"2024-04-19 12:00:00",336,16.63,209.8,0,4.49,148.5,41.2,4.49,-0.763,3.093055,1009.026,52.6,0.419,-1.419,1.12,0.7554299
"2024-04-19 13:00:00",337,16.68,199.3,0,3.783,110.4,44.61,3.783,-0.702,3.073055,1009.152,52.5,0.496,-1.271,1.216,0.71741
"2024-04-19 14:00:00",338,16.52,189.2,0,4.89,105.2,50.82,4.89,-0.802,3.045833,1009.243,52,0.319,-1.614,1.07,0.68094
"2024-04-19 15:00:00",339,16.78,203.1,0,5.667,88.2,50.52,5.667,-0.892,3.028611,1009.411,54.3,0.212,-1.695,1.193,0.73111
"2024-04-19 16:00:00",340,16.91,207,0,5.182,75.65,53.75,5.182,-0.868,3.0425,1009.557,51.7,0.257,-1.375,1.183,0.7453399
"2024-04-19 17:00:00",341,16.87,123.6,0,5.578,79.82,37.64,5.578,-0.91,2.9125,1009.598,48.5,-0.268,-1.465,1.278,0.44493
"2024-04-19 18:00:00",342,16.91,74.07,0,5.77,88.3,47.67,5.77,-1.213,2.839444,1009.705,49.8,-1.006,-1.67,1.2,0.26665
"2024-04-19 19:00:00",343,16.9,49.08,0,5.12,93.8,39.52,5.12,-1.251,2.963333,1009.846,54.5,-1.22,-1.818,1.012,0.17668
"2024-04-19 20:00:00",344,17,31.18,0,4.299,90.2,36.07,4.299,-1.446,3.010278,1010.206,54.4,-1.579,-1.529,1.071,0.11224
"2024-04-19 21:00:00",345,16.97,17.08,0,5.256,94.6,41.49,5.256,-1.452,3.002222,1010.243,54.4,-1.672,-1.448,0.819,0.06148
"2024-04-19 22:00:00",346,16.99,9.19,0,5.929,99.4,40.83,5.929,-1.283,3.008889,1010.245,53.4,-1.584,-1.602,1.271,0.03307
"2024-04-19 23:00:00",347,16.99,5.306,0,4.165,94.7,45.71,4.165,-1.264,3.018055,1010.385,54,-1.557,-1.401,1.175,0.0191
"2024-04-20 00:00:00",348,17,4.397,0,4.077,102.5,33.81,4.077,-1.307,3.063611,1010.352,52.5,-1.625,-1.282,1.084,0.01583
"2024-04-20 01:00:00",349,16.95,4.331,0,4.878,147,24.81,4.878,-0.767,3.081944,1010.446,55.3,-1.086,-1.767,1.182,0.01559
"2024-04-20 02:00:00",350,16.99,10.79,0,3.209,94.5,43.98,3.209,-0.802,3.220555,1010.964,58.5,-1.026,-1.573,1.13,0.03884
"2024-04-20 03:00:00",351,16.95,41.84,0,4.788,122.7,49.74,4.788,-0.801,3.336945,1010.982,59.2,-0.841,-1.297,1.285,0.15063
"2024-04-20 04:00:00",352,17,83.5,0,5.029,119.8,47.22,5.029,-0.775,3.398611,1011.268,59.4,-0.555,-1.451,1.099,0.30051
"2024-04-20 05:00:00",353,16.92,131.8,0,3.834,117.9,70.87,3.834,-0.478,3.411111,1011.7,56.8,0.112,-1.29,1.161,0.47431
"2024-04-20 06:00:00",354,16.96,127.7,0,5.737,170.8,22.72,5.737,-0.272,3.371111,1011.5,55.3,0.297,-1.366,1.158,0.45965
"2024-04-20 07:00:00",355,16.93,154.3,0,5.644,173.1,21.23,5.644,-0.051,3.3875,1011.68,54.7,0.677,-1.475,0.957,0.5553799
"2024-04-20 08:00:00",356,16.91,186.7,0,7.084,168.2,14.07,7.084,0.161,3.357222,1011.669,53,1.063,-1.321,1.136,0.6722699
"2024-04-20 09:00:00",357,16.94,223.4,0,5.589,158.1,29.74,5.589,0.064,3.441944,1012.414,56.4,1.334,-1.362,1.133,0.80431
"2024-04-20 10:00:00",358,16.93,237.4,0,3.673,152.4,35.04,3.673,0.196,3.525833,1012.934,55.4,1.691,-1.432,1.114,0.8548099
"2024-04-20 11:00:00",359,17,188.3,0,2.833,155.2,37.22,2.833,0.334,3.498333,1013.256,55.7,1.587,-1.448,1.111,0.67782
"2024-04-20 12:00:00",360,16.87,188.8,0,5.271,179,20.46,5.271,0.363,3.477222,1013.443,56,1.479,-1.662,1.035,0.6795499
"2024-04-20 13:00:00",361,16.91,175.3,0,6.864,174.5,12.97,6.864,0.129,3.563056,1013.451,59.2,1.116,-1.571,0.98,0.6311499
"2024-04-20 14:00:00",362,16.91,127,0,6.429,180.2,9.96,6.429,0.108,3.583056,1013.645,56.7,0.765,-1.236,1.161,0.45728
"2024-04-20 15:00:00",363,16.93,119,0,4.305,162.8,17.57,4.305,0.362,3.508889,1013.94,53.8,0.957,-1.517,1.06,0.42833
"2024-04-20 16:00:00",364,16.9,103.2,0,3.105,162.6,38.99,3.105,0.139,3.664444,1014.153,63.3,0.837,-1.513,1.111,0.37138
"2024-04-20 17:00:00",365,16.99,88.7,0,3.147,106.3,25.07,3.147,-0.878,4.160555,1014.052,78.7,-0.206,-1.603,1.117,0.31935
"2024-04-20 18:00:00",366,16.96,87.4,0,2.453,121.9,63.85,2.453,-0.741,4.296111,1014.268,70.8,-0.331,-1.543,1.148,0.31476
"2024-04-20 19:00:00",367,17.01,42.34,0,2.195,120.6,88.7,2.195,-0.603,4.314723,1014.707,72.6,-0.362,-1.458,1.079,0.15241
"2024-04-20 20:00:00",368,16.98,21.86,0,7.212,183.9,11.96,7.212,-0.907,4.037222,1015.271,67.1,-0.888,-1.635,1.299,0.07867999
"2024-04-20 21:00:00",369,17.05,13.39,0,2.144,161.8,24,2.144,-1.598,3.623055,1016.305,67,-1.714,-1.588,1.181,0.04821
"2024-04-20 22:00:00",370,17.02,7.883,0,1.059,310,96.5,1.059,-2.574,3.453055,1016.851,65.4,-2.993,-1.62,1.22,0.02838
"2024-04-20 23:00:00",371,17.07,6.875,0,4.09,168.5,7.015,4.09,-1.985,3.392222,1017.459,63.7,-2.222,-1.607,1.22,0.02475
"2024-04-21 00:00:00",372,17.02,6.128,0,3.632,172.7,8.57,3.632,-2.37,3.294722,1017.907,63.8,-2.476,-1.612,1.229,0.02206
"2024-04-21 01:00:00",373,17.02,8.63,0,3.557,168.7,7.874,3.558,-2.686,3.2175,1018.214,65.1,-2.76,-1.61,1.235,0.03106
"2024-04-21 02:00:00",374,17,18.55,0,2.057,164.7,54.25,2.058,-3.289,3.140833,1018.433,64,-3.341,-1.627,1.221,0.06677999
"2024-04-21 03:00:00",375,17.02,31.8,0,2.728,188,9.74,2.728,-3.24,3.1,1018.49,64.1,-3.32,-1.624,1.214,0.11448
"2024-04-21 04:00:00",376,16.97,45.25,0,2.45,182.9,16.25,2.45,-2.849,3.091944,1018.586,62.9,-2.811,-1.611,1.217,0.1629
"2024-04-21 05:00:00",377,16.94,85.7,0,3.288,179.5,10.51,3.288,-2.618,3.094166,1018.36,64.1,-2.22,-1.572,1.201,0.30835
"2024-04-21 06:00:00",378,16.98,118.9,0,2.944,170.5,23.06,2.944,-2.466,3.066944,1018.375,61.8,-1.827,-1.617,1.168,0.42795
"2024-04-21 07:00:00",379,16.95,164.9,0,1.211,342.8,53.65,1.211,-2.654,3.174722,1018.259,62.7,-1.235,-1.585,1.172,0.5936
"2024-04-21 08:00:00",380,16.99,213.1,0,0.935,347.2,88,0.935,-2.219,3.241666,1018.312,62.3,-0.101,-1.561,1.135,0.7669799
"2024-04-21 09:00:00",381,16.89,284.5,0,1.896,44.91,58.64,1.896,-1.585,3.260278,1018.274,57.1,1.291,-1.525,1.1,1.02412
"2024-04-21 10:00:00",382,16.89,214,0,1.835,51.16,68.65,1.835,-1.036,3.237778,1017.902,60.9,0.871,-1.529,1.12,0.77052
"2024-04-21 11:00:00",383,16.98,309.1,0,2.303,125.4,90.3,2.303,0.223,3.639444,1017.269,60,2.201,-1.471,1.102,1.11266
"2024-04-21 12:00:00",384,17.02,528.4,0,3.716,174.8,64.03,3.716,1.688,4.086944,1017.006,56.7,6.571,-1.276,0.977,1.90211
"2024-04-21 13:00:00",385,16.8,470.1,0,5.258,170.3,18.29,5.258,2.259,4.216944,1016.481,61.9,5.928,-1.373,0.975,1.69233
"2024-04-21 14:00:00",386,16.87,264.2,0,4.712,175.3,12.23,4.712,2.7,4.737778,1015.932,66.5,4.433,-1.366,0.888,0.9511999
"2024-04-21 15:00:00",387,16.85,204,0,6.136,182.5,13.88,6.136,2.692,5.212222,1015.42,66,3.524,-1.526,1.007,0.7343799
"2024-04-21 16:00:00",388,16.84,182.4,0,7.089,183.7,13.75,7.089,2.677,5.058889,1015.102,64.6,3.339,-1.279,1.344,0.65674
"2024-04-21 17:00:00",389,16.86,131.7,0,4.869,171.9,29.38,4.869,2.586,4.939167,1014.476,68.8,3.262,-1.406,1.071,0.47408
"2024-04-21 18:00:00",390,16.85,68.56,0,2.309,126.5,64.68,2.309,2.343,4.8525,1013.888,65.6,2.73,-1.404,1.141,0.24683
"2024-04-21 19:00:00",391,16.93,48.82,0,2.656,65.06,83.7,2.656,2.326,4.738055,1013.213,63.5,2.482,-1.391,1.127,0.17576
"2024-04-21 20:00:00",392,16.98,31.91,0,2.9,103.7,84.2,2.9,2.576,4.704166,1012.997,61.5,2.541,-1.354,1.121,0.11489
"2024-04-21 21:00:00",393,16.96,13.78,0,3.953,106.1,46.61,3.953,2.683,4.708333,1012.778,64.1,2.566,-1.584,1.193,0.04962
"2024-04-21 22:00:00",394,17.05,6.764,0,3.545,95.9,51,3.545,2.774,4.585278,1012.423,57.7,2.532,-1.31,1.111,0.02435
"2024-04-21 23:00:00",395,17,3.575,0,3.854,86.6,42.83,3.854,3.081,4.488333,1011.691,57.7,2.775,-1.209,1.246,0.01287
"2024-04-22 00:00:00",396,17.07,3.008,0,2.55,109.3,75.28,2.55,3.362,4.387222,1011.266,56.6,3.012,-1.4,1.083,0.01083
"2024-04-22 01:00:00",397,17.05,5.036,0,3.738,184.5,69.77,3.738,3.572,4.516111,1010.915,55.8,3.168,-1.281,1.121,0.01813
"2024-04-22 02:00:00",398,17.05,13.18,0,8.81,191.6,14.27,8.81,4.046,4.581388,1010.572,53.5,3.828,-1.391,0.993,0.04745
"2024-04-22 03:00:00",399,17.04,26.87,0,10.87,195.1,14.34,10.87,3.994,4.613611,1010.473,54.6,3.95,-1.549,0.903,0.09673999
"2024-04-22 04:00:00",400,17.07,42.13,0,9.14,193.9,17.34,9.14,4.205,4.501389,1010.45,54.7,4.199,-1.503,1.22,0.15166
"2024-04-22 05:00:00",401,17.04,57.31,0,4.082,181.1,35.73,4.082,4.202,4.492777,1010.435,55.6,4.299,-1.389,0.968,0.20632
"2024-04-22 06:00:00",402,16.75,81.3,0,2.618,169,65.24,2.618,4.224,4.709167,1010.444,61.1,4.519,-1.4,1.043,0.29255
"2024-04-22 07:00:00",403,16.67,90.3,0,1.849,129.1,97.6,1.849,4.217,4.870833,1010.691,59.7,4.648,-1.344,1.057,0.32524
"2024-04-22 08:00:00",404,16.86,125.9,0,1.33,3.056,62.08,1.33,3.853,5.043889,1010.986,63.9,4.859,-1.341,1.036,0.4533
"2024-04-22 09:00:00",405,16.85,301.4,0,1.686,356.7,66.16,1.686,4.453,5.071944,1011.326,59.9,6.629,-1.304,1.009,1.08511
"2024-04-22 10:00:00",406,16.99,602.5,0,2.081,11,69.22,2.081,5.942,5.018611,1011.46,52.2,12.18,-1.148,0.841,2.16896
"2024-04-22 11:00:00",407,16.81,636.2,0,2.155,92.7,94,2.155,6.23,4.807777,1011.771,51.3,12.82,-1.192,0.859,2.2903
"2024-04-22 12:00:00",408,16.89,572.9,0,2.764,170.4,43.53,2.764,5.817,4.7025,1012.24,51,12.12,-1.16,0.851,2.06261
"2024-04-22 13:00:00",409,16.76,332.8,0,3.941,146.6,31.82,3.941,4.609,4.541111,1012.712,53.1,7.889,-1.268,0.947,1.19791
"2024-04-22 14:00:00",410,16.84,183.9,0,2.835,136.2,31.18,2.835,3.916,4.483055,1013.046,57.2,5.196,-1.371,1.014,0.66214
"2024-04-22 15:00:00",411,16.92,190,0,2.84,147.1,47.24,2.84,3.508,4.499166,1013.251,59.9,4.829,-1.37,1.004,0.684
"2024-04-22 16:00:00",412,16.96,143.9,0,2.399,150.5,42.58,2.399,3.092,4.364167,1013.344,58.4,4.002,-1.343,1.096,0.51798
"2024-04-22 17:00:00",413,16.86,131.1,0,3.207,92.4,30.13,3.207,2.707,4.4425,1013.519,62.7,3.502,-1.349,1.095,0.47201
"2024-04-22 18:00:00",414,16.88,105.8,0,3.181,139,42,3.181,2.263,4.393333,1013.839,63.1,2.833,-1.436,1.082,0.38081
"2024-04-22 19:00:00",415,16.86,56,0,3.28,128.1,38.17,3.28,1.719,4.1875,1013.934,59.6,2.015,-1.397,1.079,0.20159
"2024-04-22 20:00:00",416,16.98,34.71,0,3.211,148,49.58,3.211,1.146,3.972778,1014.159,60.9,1.141,-1.547,1.144,0.12496
"2024-04-22 21:00:00",417,17,17.49,0,4.68,164.4,30.83,4.68,0.742,3.747778,1014.494,56.3,0.516,-1.343,1.098,0.06298
"2024-04-22 22:00:00",418,17.1,12.5,0,4.729,168.6,41.39,4.729,0.336,3.589167,1014.895,58.9,0.104,-1.52,1.169,0.04499
"2024-04-22 23:00:00",419,17.05,11,0,3.811,125.8,46.67,3.811,-0.115,3.483333,1014.826,56.1,-0.501,-1.539,1.15,0.0396
"2024-04-23 00:00:00",420,17.08,11.88,0,3.701,112.9,45.39,3.701,-0.398,3.350278,1014.824,56.9,-0.754,-1.536,1.164,0.04275
"2024-04-23 01:00:00",421,17.07,20.28,0,3.309,159,40.17,3.309,-0.809,3.318056,1015.166,55.3,-1.111,-1.537,1.153,0.07301
"2024-04-23 02:00:00",422,17.09,36.35,0,4.246,178.4,36.1,4.246,-1.045,3.154722,1015.09,56.2,-1.124,-1.579,1.161,0.13086
"2024-04-23 03:00:00",423,17.02,108,0,3.655,98.1,54.1,3.655,-0.769,3.251667,1014.846,57.6,-0.475,-1.563,1.082,0.38866
"2024-04-23 04:00:00",424,17.09,138.3,0,3.405,118.8,39.27,3.405,-0.635,3.409167,1014.624,60,0.099,-1.423,1.182,0.49795
"2024-04-23 05:00:00",425,17.06,139.7,0,3.599,147.6,38.44,3.599,-0.443,3.613055,1014.456,60.1,0.423,-1.466,1.114,0.5028499
"2024-04-23 06:00:00",426,16.78,100.2,0,3.829,143.1,38.86,3.829,-0.339,3.757778,1014.303,62.7,0.19,-1.41,1.125,0.36074
"2024-04-23 07:00:00",427,16.77,118.5,0,3.827,130.5,31.15,3.827,-0.218,3.811389,1014.459,63.8,0.457,-1.525,1.204,0.42647
"2024-04-23 08:00:00",428,16.71,174.7,0,4.196,121.4,23.86,4.196,-0.046,3.877222,1014.497,62.2,0.79,-1.403,1.11,0.62905
"2024-04-23 09:00:00",429,16.73,251.4,0,4.13,127.6,22.01,4.13,0.22,3.973889,1014.429,64.1,1.597,-1.581,1.105,0.90499
"2024-04-23 10:00:00",430,16.77,297.9,0,4.711,135.9,23.39,4.711,0.327,3.938611,1014.151,61.1,2.549,-1.325,1.117,1.07254
"2024-04-23 11:00:00",431,16.71,294.4,0,4.64,151.4,30.58,4.64,-0.282,3.822778,1014.173,62.5,1.693,-1.344,1.071,1.05969
"2024-04-23 12:00:00",432,16.79,234.8,0,3.331,115.3,31.22,3.331,-0.301,3.675278,1014.336,62.3,1.439,-1.474,1.121,0.8453999
"2024-04-23 13:00:00",433,16.77,241.1,0,1.916,133.3,78.07,1.916,-0.21,3.713611,1014.288,63.3,1.57,-1.469,1.114,0.8678799
"2024-04-23 14:00:00",434,16.74,219.8,0,2.466,125.3,61.64,2.466,-0.386,3.810278,1014.474,64.6,1.514,-1.475,1.095,0.7912999
"2024-04-23 15:00:00",435,16.87,167.3,0,3.337,118.4,16.32,3.337,-0.532,3.804444,1014.581,64.5,0.541,-1.545,1.11,0.60211
"2024-04-23 16:00:00",436,16.88,98.4,0,3.48,119.8,16.14,3.48,-0.816,3.766944,1014.799,64.6,-0.141,-1.488,1.132,0.35415
"2024-04-23 17:00:00",437,16.81,49.34,0,1.833,185.6,22.34,1.833,-1.676,3.741389,1014.848,75.2,-1.301,-1.536,1.178,0.17763
"2024-04-23 18:00:00",438,16.81,37.82,0,3.386,188.3,9.04,3.386,-2.623,3.581666,1014.764,69.2,-2.554,-1.556,1.197,0.13615
"2024-04-23 19:00:00",439,16.91,29.55,0,3.285,179.8,11.69,3.285,-3.214,3.327222,1014.927,65.8,-3.302,-1.603,1.235,0.10639
"2024-04-23 20:00:00",440,16.92,22.22,0,2.902,186.8,11.73,2.902,-3.745,3.213889,1015.228,70.6,-3.847,-1.622,1.245,0.07998999
"2024-04-23 21:00:00",441,17.01,16.86,0,2.784,193,11.14,2.784,-4.272,3.179444,1015.351,72,-4.508,-1.671,1.265,0.06071
"2024-04-23 22:00:00",442,17.03,13.58,0,2.459,183.1,18.92,2.459,-4.371,3.109444,1015.502,73.1,-4.699,-1.634,1.249,0.04888
"2024-04-23 23:00:00",443,17.07,12.04,0,2.106,183.5,26.96,2.106,-4.626,3.020833,1015.48,69.4,-5.058,-1.653,1.262,0.04336
"2024-04-24 00:00:00",444,17.01,12.59,0,1.845,179.8,24.58,1.845,-4.962,2.9325,1015.329,70,-5.293,-1.673,1.273,0.04534
"2024-04-24 01:00:00",445,17.08,14.37,0,1.011,189.7,54.81,1.011,-5.754,2.834167,1015.198,64.7,-6.301,-1.709,1.294,0.05174
"2024-04-24 02:00:00",446,17.04,33.23,0,1.131,119.7,82.4,1.131,-5.617,2.834722,1015.066,73.8,-5.769,-1.695,1.295,0.11963
"2024-04-24 03:00:00",447,17.07,116.7,0,1.401,76.99,97.3,1.401,-4.181,3.136389,1014.816,61.7,-4.027,-1.647,1.234,0.42029
"2024-04-24 04:00:00",448,17.05,148,0,3.255,358.9,33.33,3.255,-2.361,3.378056,1014.888,67.4,-0.855,-1.566,1.162,0.53284
"2024-04-24 05:00:00",449,17.05,127.3,0,1.786,329.2,74.87,1.786,-2.062,3.344445,1014.792,56.5,-1.255,-1.559,1.169,0.45818
"2024-04-24 06:00:00",450,17.01,141.9,0,2.434,156.2,60.51,2.434,-0.745,3.253611,1014.889,56.5,-0.078,-1.527,1.154,0.51072
"2024-04-24 07:00:00",451,17,170,0,2.565,19.9,32.56,2.565,-2.542,3.555556,1014.939,70.8,-0.891,-1.541,1.151,0.61198
"2024-04-24 08:00:00",452,16.93,190.6,0,1.347,35.67,25.81,1.347,-2.116,3.635,1015.043,71,-0.643,-1.539,1.164,0.68617
"2024-04-24 09:00:00",453,16.79,227.1,0,1.486,47.5,26.9,1.486,-1.617,3.808889,1015.055,74.3,0.23,-1.493,1.104,0.81744
"2024-04-24 10:00:00",454,16.9,249.5,0,2.041,34.46,33.62,2.041,-1.401,3.869444,1015.068,65.4,0.579,-1.476,1.128,0.8983499
"2024-04-24 11:00:00",455,16.87,293.3,0,2.289,67.59,54.79,2.289,-0.278,3.790555,1014.982,57.9,1.772,-1.416,1.09,1.05574
"2024-04-24 12:00:00",456,16.74,296.5,0,2.434,119.9,75.6,2.434,0.356,3.630278,1014.939,57.4,2.657,-1.471,1.042,1.06749
"2024-04-24 13:00:00",457,16.86,252.6,0,2.405,125.7,58.25,2.405,0.382,3.683055,1014.944,60.1,2.25,-1.419,1.069,0.90939
"2024-04-24 14:00:00",458,16.89,185.6,0,2.644,126.8,37.43,2.644,0.364,3.800555,1014.887,60.7,1.792,-1.401,1.109,0.6680599
"2024-04-24 15:00:00",459,16.99,234.7,0,2.429,139.1,49.54,2.429,0.521,3.859722,1014.951,62.4,2.243,-1.503,1.066,0.845
"2024-04-24 16:00:00",460,16.92,69.85,0,2.62,118.8,56.13,2.62,0.391,3.802222,1015.091,61.5,1.354,-1.512,1.096,0.25146
"2024-04-24 17:00:00",461,16.77,43.02,0,2.995,150.5,37.9,2.995,-0.039,3.816944,1015.082,64.7,-0.006,-1.486,1.112,0.15486
"2024-04-24 18:00:00",462,16.79,35.67,0,1.543,165.8,48.46,1.543,-0.949,3.805555,1015.124,66.6,-0.972,-1.531,1.165,0.12841
"2024-04-24 19:00:00",463,16.82,28.5,0,2.188,157.7,50.78,2.188,-0.778,3.768611,1015.301,65,-1.242,-1.558,1.181,0.10259
"2024-04-24 20:00:00",464,16.85,22.24,0,2.523,163.6,33.23,2.523,-1.21,3.660833,1015.535,66.1,-1.444,-1.502,1.168,0.08004999
"2024-04-24 21:00:00",465,16.91,17.61,0,2.863,170.4,28.32,2.863,-1.165,3.593055,1015.913,67.5,-1.651,-1.58,1.188,0.06338
"2024-04-24 22:00:00",466,16.92,14.06,0,3.354,172.6,17.57,3.354,-1.697,3.598889,1016.268,61.8,-1.994,-1.541,1.206,0.05060999
"2024-04-24 23:00:00",467,16.94,13.11,0,3.115,182.1,18.15,3.115,-2.006,3.604444,1016.407,69.1,-2.388,-1.593,1.202,0.04718
"2024-04-25 00:00:00",468,16.9,15.99,0,3.308,181.9,16.68,3.308,-2.053,3.583055,1016.406,64,-2.295,-1.591,1.213,0.05757
"2024-04-25 01:00:00",469,16.97,16.01,0,3.326,199.8,14.58,3.326,-2.81,3.425833,1016.295,68.4,-3.054,-1.576,1.197,0.05762
"2024-04-25 02:00:00",470,16.97,21.11,0,2.131,181.5,89.4,2.131,-2.938,3.453611,1016.379,74.4,-3.249,-1.608,1.205,0.07601
"2024-04-25 03:00:00",471,16.91,84.6,0,1.363,181.7,42.5,1.363,-3.354,3.537778,1016.589,73.9,-3.079,-1.606,1.205,0.30445
"2024-04-25 04:00:00",472,16.97,131.2,0,2.673,171.3,69.55,2.673,-1.891,3.71,1016.902,67.1,-1.078,-1.597,1.153,0.47222
"2024-04-25 05:00:00",473,16.95,96.4,0,2.203,158.5,63.59,2.203,-1.112,3.781389,1017.099,67.1,-0.039,-1.501,1.124,0.34707
"2024-04-25 06:00:00",474,16.55,80.9,0,2.626,178.5,38.98,2.626,-1.135,3.716389,1017.21,63.7,-0.538,-1.55,1.165,0.29128
"2024-04-25 07:00:00",475,16.58,253,0,2.626,169.2,26.69,2.626,-0.628,3.886944,1017.349,67.6,1.659,-1.471,1.1,0.91079
"2024-04-25 08:00:00",476,16.71,347.4,0,3.658,184.1,21.44,3.658,-0.492,3.905555,1017.549,63.5,3.511,-1.452,1.024,1.25058
"2024-04-25 09:00:00",477,16.74,393.7,0,2.79,180.4,36.97,2.79,0.003,3.911388,1017.816,66.5,4.764,-1.375,1.036,1.41736
"2024-04-25 10:00:00",478,16.74,424.1,0,2.835,149,54.42,2.835,0.375,3.942777,1017.922,63.3,5.279,-1.416,0.984,1.52663
"2024-04-25 11:00:00",479,16.8,447.5,0,3.495,120.5,36.95,3.495,0.382,4.015833,1017.827,62.6,5.132,-1.559,0.988,1.6111
"2024-04-25 12:00:00",480,16.68,456.1,0,4.079,125.8,31.35,4.079,0.271,4.031389,1017.845,65,4.939,-1.394,1.039,1.64212
"2024-04-25 13:00:00",481,16.83,436.9,0,5.623,125.2,19.29,5.623,0.033,3.945,1017.673,64.6,3.733,-0.98,0.922,1.57283
"2024-04-25 14:00:00",482,16.78,403,0,6.162,122.9,17.86,6.162,-0.168,3.903611,1017.635,64.1,3.06,-1.411,0.965,1.45073
"2024-04-25 15:00:00",483,16.91,352.1,0,5.588,125.4,22.12,5.588,-0.435,3.828611,1017.739,65,2.298,-1.471,1.005,1.26765
"2024-04-25 16:00:00",484,16.9,91.1,0,5.415,120.7,26.06,5.415,-0.918,3.699722,1017.899,64.7,-0.038,-1.416,1.071,0.32809
"2024-04-25 17:00:00",485,16.86,46.01,0,5.561,112.6,32.46,5.561,-1.297,3.575278,1017.764,64.2,-1.179,-1.545,1.091,0.16565
"2024-04-25 18:00:00",486,16.91,37.9,0,4.89,126.4,44.66,4.89,-1.501,3.500833,1017.674,63.3,-1.53,-1.435,1.006,0.13643
"2024-04-25 19:00:00",487,16.96,30.51,0,5.362,123.6,33.83,5.362,-1.627,3.498333,1017.704,64.2,-1.717,-1.769,1.232,0.10982
"2024-04-25 20:00:00",488,17.01,24.34,0,3.793,127.9,57.29,3.793,-1.846,3.471111,1017.754,65.6,-2.01,-1.169,1.346,0.08760999
"2024-04-25 21:00:00",489,16.94,19.36,0,3.835,131,62.16,3.835,-2.065,3.423055,1017.528,64.3,-2.322,-1.318,1.281,0.0697
"2024-04-25 22:00:00",490,16.95,16.09,0,4.486,137.1,40.63,4.486,-2.3,3.487778,1017.591,68.1,-2.53,-1.527,1.177,0.05792
"2024-04-25 23:00:00",491,16.94,15.93,0,5.577,125.5,31.18,5.577,-2.577,3.46,1017.668,68.4,-2.751,-1.734,1.098,0.05734
"2024-04-26 00:00:00",492,16.95,19.83,0,6.324,121.2,19.89,6.324,-2.914,3.383611,1017.577,68.5,-3.021,-1.423,1.057,0.07137999
"2024-04-26 01:00:00",493,16.94,16.26,0,5.427,134.9,22.87,5.427,-3.206,3.3025,1017.631,67.7,-3.399,-1.419,0.978,0.05853
"2024-04-26 02:00:00",494,16.93,21.32,0,5.682,121.3,19.59,5.682,-3.298,3.223888,1017.48,66.5,-3.471,-1.549,1.116,0.07675999
"2024-04-26 03:00:00",495,16.98,89.3,0,4.311,130.4,33.11,4.311,-3.129,3.183055,1017.749,65.4,-2.806,-1.657,1.325,0.32134
"2024-04-26 04:00:00",496,16.98,137.6,0,3.722,117.9,46.19,3.722,-3.156,3.181666,1017.892,66.5,-2.009,-1.673,1.109,0.49525
"2024-04-26 05:00:00",497,17,97.7,0,2.165,186.6,22.95,2.165,-4.757,2.882778,1018.011,64.4,-3.087,-1.622,1.179,0.35154
"2024-04-26 06:00:00",498,16.63,88.1,0,1.943,179.7,19.78,1.943,-5.173,2.7525,1017.992,67.9,-4.25,-1.651,1.234,0.31714
"2024-04-26 07:00:00",499,16.63,276.5,0,2.406,184.5,9.69,2.406,-4.97,2.961667,1018.101,70.3,-2.051,-1.622,1.183,0.9952199
"2024-04-26 08:00:00",500,16.72,360,0,1.589,186.2,25.09,1.589,-4.264,3.081111,1018.571,67.3,0.697,-1.55,1.105,1.29602
"2024-04-26 09:00:00",501,16.75,392,0,2.139,177.5,7.767,2.139,-4.019,3.088333,1018.721,66.8,1.207,-1.526,1.096,1.41106
"2024-04-26 10:00:00",502,16.82,427.1,0,1.069,180.7,36.69,1.069,-2.736,3.282778,1019.182,62.9,3.371,-1.466,1.036,1.53744
"2024-04-26 11:00:00",503,16.61,444.9,0,1.94,9.14,10.31,1.94,-2.445,3.493056,1019.367,68.3,4.131,-1.419,1.003,1.60172
"2024-04-26 12:00:00",504,16.73,450.9,0,1.486,339.8,81.6,1.486,-1.952,3.585555,1019.477,66.3,4.249,-1.396,1.001,1.62321
"2024-04-26 13:00:00",505,16.69,444.8,0,1.154,340.8,74.39,1.154,-1.433,3.768611,1019.753,68.8,5.113,-1.357,0.993,1.60122
"2024-04-26 14:00:00",506,16.72,407,0,0.999,352.7,84.5,0.999,-1.089,3.814722,1019.932,71.7,5.049,-1.339,0.994,1.46537
"2024-04-26 15:00:00",507,16.83,360.5,0,2.064,19.65,14.32,2.064,-2.027,3.779444,1019.96,74.6,2.954,-1.391,1.03,1.29768
"2024-04-26 16:00:00",508,16.84,96.5,0,1.662,32.02,25.3,1.662,-2.788,3.709167,1019.787,78.7,-1.05,-1.533,1.139,0.34751
"2024-04-26 17:00:00",509,16.9,44.44,0,1.565,178,68.59,1.565,-4.036,3.5825,1019.388,78.9,-3.582,-1.617,1.224,0.15999
"2024-04-26 18:00:00",510,16.86,37.68,0,1.982,196.7,7.324,1.982,-5.195,3.266667,1019.126,77,-5.025,-1.659,1.259,0.13566
"2024-04-26 19:00:00",511,16.9,31.55,0,2.209,195.6,9.22,2.209,-5.442,3.138611,1019.012,75.8,-5.502,-1.672,1.276,0.11359
"2024-04-26 20:00:00",512,16.89,25.21,0,2.529,190.8,7.138,2.529,-5.636,3.076111,1019.085,74.6,-5.767,-1.688,1.275,0.09074999
"2024-04-26 21:00:00",513,16.99,21.58,0,2.74,190,6.337,2.74,-6.027,3.028611,1019.186,78.9,-6.104,-1.707,1.279,0.07768999
"2024-04-26 22:00:00",514,16.85,14.35,0,2.649,186.5,6.939,2.649,-5.505,3.201944,1019.28,80.4,-5.779,-1.688,1.261,0.05165
"2024-04-26 23:00:00",515,16.91,9.65,0,1.884,182.1,30.44,1.884,-4.676,3.555556,1019.511,82.7,-4.823,-1.665,1.264,0.03475
"2024-04-27 00:00:00",516,16.94,11.33,0,3.227,169.2,7.315,3.227,-5.02,3.588055,1019.431,85.7,-4.916,-1.674,1.276,0.04077
"2024-04-27 01:00:00",517,16.9,16.34,0,3.906,178.5,10.79,3.906,-5.44,3.533611,1019.251,86.2,-5.289,-1.578,1.233,0.05884
"2024-04-27 02:00:00",518,16.91,16.77,0,3.471,181.5,8.27,3.471,-5.429,3.498889,1019.211,86.9,-5.438,-1.719,1.279,0.06038
"2024-04-27 03:00:00",519,16.95,33.94,0,3.154,185.2,24.37,3.154,-5.051,3.5925,1019.244,85.1,-4.968,-1.672,1.284,0.12218
"2024-04-27 04:00:00",520,16.91,42.12,0,2.678,176,14,2.678,-4.854,3.61,1019.287,83.4,-4.7,-1.635,1.244,0.15162
"2024-04-27 05:00:00",521,16.92,64.09,0,1.902,197.2,14.08,1.902,-4.469,3.673333,1019.354,83.1,-4.125,-1.642,1.22,0.23072
"2024-04-27 06:00:00",522,16.79,96.5,0,2.093,193.8,14.31,2.093,-4.389,3.644722,1019.347,81.9,-3.716,-1.627,1.221,0.34736
"2024-04-27 07:00:00",523,16.91,120.3,0,2.291,184.9,8.08,2.291,-4.117,3.674444,1019.413,81.3,-3.383,-1.621,1.219,0.43311
"2024-04-27 08:00:00",524,16.82,160.7,0,2.535,187,13.01,2.535,-3.945,3.701111,1019.595,80.5,-2.847,-1.611,1.193,0.57855
"2024-04-27 09:00:00",525,16.84,157.1,0,2.077,185.5,14.82,2.077,-3.671,3.755277,1019.723,80.7,-2.545,-1.595,1.2,0.56542
"2024-04-27 10:00:00",526,16.87,183.9,0,1.806,183.7,28.28,1.806,-3.485,3.808611,1019.97,80.3,-2.006,-1.592,1.2,0.66206
"2024-04-27 11:00:00",527,16.94,229.3,0,2.683,181.7,13.13,2.683,-3.344,3.803889,1020.027,78,-1.811,-1.59,1.175,0.8256199
"2024-04-27 12:00:00",528,16.88,257.8,0,1.707,153.5,37.21,1.707,-3.041,3.836667,1020.215,80.5,-1.016,-1.551,1.166,0.92821
"2024-04-27 13:00:00",529,16.86,225.9,0,1.605,180.1,89.8,1.605,-2.79,3.926389,1020.289,79.3,-0.545,-1.534,1.151,0.81318
"2024-04-27 14:00:00",530,16.77,122.7,0,1.709,4.837,36.95,1.709,-2.126,4.055555,1020.076,74.9,-0.828,-1.529,1.153,0.44185
"2024-04-27 15:00:00",531,16.81,125.6,0,2.741,8.81,31.14,2.741,-1.666,4.164444,1019.828,80.5,-0.756,-1.519,1.142,0.45219
"2024-04-27 16:00:00",532,16.85,101.1,0,3.211,32.82,20.95,3.211,-1.87,4.216666,1019.657,79,-1.182,-1.496,1.182,0.36398
"2024-04-27 17:00:00",533,16.98,62.79,0,1.572,39.83,45.91,1.572,-1.458,4.415278,1019.589,79.5,-1.111,-1.535,1.178,0.22605
"2024-04-27 18:00:00",534,16.9,62.44,0,2.704,15.66,37.09,2.704,-0.658,4.544167,1019.2,76.4,-0.49,-1.491,1.157,0.22477
"2024-04-27 19:00:00",535,16.9,60.04,0,4.04,27.54,35.8,4.04,-0.848,4.597778,1019.024,86.6,-0.403,-1.456,1.21,0.21613
"2024-04-27 20:00:00",536,16.9,45.26,0,2.748,48.97,27.67,2.748,-1.753,4.628889,1018.939,86.5,-1.345,-1.631,1.173,0.16292
"2024-04-27 21:00:00",537,16.91,28.3,0,2.785,52.45,23.14,2.785,-2.007,4.674166,1018.883,89,-1.838,-1.58,1.186,0.10188
"2024-04-27 22:00:00",538,16.94,13.16,0,2.317,43.83,28.02,2.317,-1.76,4.703055,1018.805,87.4,-1.809,-1.547,1.197,0.04738
"2024-04-27 23:00:00",539,16.94,8.22,0,1.747,21.07,40.34,1.747,-1.531,4.716111,1018.773,86.1,-1.645,-1.541,1.191,0.0296
"2024-04-28 00:00:00",540,17,8.7,0,1.7,80.9,87.8,1.7,-1.048,4.795833,1018.576,81.3,-1.322,-1.529,1.177,0.03131
"2024-04-28 01:00:00",541,16.83,7.394,0,2.722,182.5,44.28,2.722,0.173,4.708055,1018.499,75.1,-0.202,-1.519,1.113,0.02662
"2024-04-28 02:00:00",542,16.91,8.88,0,2.546,176.8,30.64,2.546,0.478,4.615833,1018.263,72.4,0.27,-1.454,1.121,0.03197
"2024-04-28 03:00:00",543,16.92,21.47,0,1.346,141.1,88.3,1.346,0.635,4.630833,1018.08,71.6,0.531,-1.484,1.137,0.07727999
"2024-04-28 04:00:00",544,16.95,52.17,0,2.205,159.9,95.6,2.205,0.603,4.764722,1017.881,71.8,0.731,-1.445,1.139,0.18781
"2024-04-28 05:00:00",545,16.95,104.1,0,1.805,186.9,49.09,1.805,0.937,4.549722,1017.74,71.2,1.421,-1.437,1.13,0.3749
"2024-04-28 06:00:00",546,16.81,113.5,0,2.493,204.2,78.02,2.493,0.907,4.734444,1017.719,72.3,1.669,-1.43,1.094,0.40857
"2024-04-28 07:00:00",547,16.91,140.3,0,2.855,171.9,81.7,2.855,0.997,4.573055,1017.68,69.7,1.753,-1.424,1.062,0.50519
"2024-04-28 08:00:00",548,16.87,175.3,0,2.762,173.6,52.48,2.762,1.189,4.563611,1017.631,68.7,2.209,-1.403,1.08,0.63103
"2024-04-28 09:00:00",549,16.88,193.7,0,2.33,175.4,47.69,2.33,1.466,4.55,1017.672,66.5,2.72,-1.441,1.096,0.6972299
"2024-04-28 10:00:00",550,16.9,195.1,0,2.192,152.7,81.3,2.192,1.503,4.595,1017.738,69.8,2.838,-1.408,1.063,0.7023199
"2024-04-28 11:00:00",551,16.91,205,0,1.894,249.5,73.73,1.894,1.63,4.734166,1017.75,68.6,3.199,-1.391,1.038,0.7379
"2024-04-28 12:00:00",552,16.88,188.2,0,2.543,184.5,68.24,2.543,1.564,4.792222,1017.769,70.6,2.885,-1.38,1.081,0.6774499
"2024-04-28 13:00:00",553,16.79,166.5,0,1.747,274.3,98.3,1.747,1.639,4.912778,1017.779,69.4,2.826,-1.418,1.1,0.59943
"2024-04-28 14:00:00",554,16.82,179.9,0,2.094,25.44,85.6,2.094,1.502,5.059722,1017.724,77,2.758,-1.394,1.109,0.6477699
"2024-04-28 15:00:00",555,16.76,196.4,0,2.024,335.1,80.6,2.024,1.694,5.052222,1017.573,70,3.091,-1.389,1.07,0.7071499
"2024-04-28 16:00:00",556,16.77,137.8,0,1.959,239.4,99.9,1.959,1.626,5.038333,1017.309,70.7,2.792,-1.37,1.069,0.49611
"2024-04-28 17:00:00",557,16.77,59.58,0,2.376,212.9,62.54,2.376,1.627,4.933889,1017.139,72.5,2.071,-1.465,1.109,0.21447
"2024-04-28 18:00:00",558,16.76,41.66,0,1.896,154.1,62.71,1.896,1.47,4.822222,1016.989,70,1.638,-1.443,1.085,0.14997
"2024-04-28 19:00:00",559,16.77,47.99,0,1.906,153.9,73.65,1.906,1.429,4.816666,1016.795,73.4,1.662,-1.399,1.109,0.17278
"2024-04-28 20:00:00",560,16.9,40.48,0,2.063,181.1,61.66,2.063,1.387,4.8875,1016.77,72.1,1.452,-1.422,1.131,0.14574
"2024-04-28 21:00:00",561,16.93,20.48,0,1.751,182,80.9,1.751,1.262,4.940556,1016.793,78.2,1.326,-1.408,1.115,0.07372999
"2024-04-28 22:00:00",562,16.97,12.98,0,1.782,26.94,93.8,1.782,1.428,4.896667,1016.745,69.1,1.178,-1.454,1.102,0.04672
"2024-04-28 23:00:00",563,16.95,8.98,0,2.671,329.2,57.89,2.671,1.544,4.923055,1016.487,71.8,1.393,-1.374,1.078,0.03234
"2024-04-29 00:00:00",564,17.01,8.72,0,2.402,230,55.78,2.402,1.623,5.013055,1016.359,73.6,1.441,-1.395,1.105,0.0314
"2024-04-29 01:00:00",565,17,11.31,0,2.574,190.4,73.94,2.574,1.194,5.162777,1016.198,76.9,1.144,-1.364,1.098,0.04072
"2024-04-29 02:00:00",566,16.99,18.2,0,3.158,155.4,84.3,3.158,1.174,5.137777,1016.155,75.7,1.099,-1.423,1.146,0.06551
"2024-04-29 03:00:00",567,17,32.9,0,2.462,60.15,77.34,2.462,1.172,5.022778,1015.979,74.5,1.196,-1.446,1.136,0.11843
"2024-04-29 04:00:00",568,16.95,49.38,0,2.886,156.6,46.23,2.886,1.334,4.850555,1015.872,70.4,1.446,-1.411,1.101,0.17776
"2024-04-29 05:00:00",569,16.95,70.53,0,2.956,161.8,45.79,2.956,1.33,4.825555,1015.733,72.4,1.661,-1.448,1.067,0.25389
"2024-04-29 06:00:00",570,16.71,104,0,2.626,172.1,80.8,2.626,1.323,4.953333,1015.731,74.7,1.881,-1.424,1.102,0.37426
"2024-04-29 07:00:00",571,16.71,179,0,2.055,56.88,95.4,2.055,1.595,4.888888,1015.682,70.6,2.711,-1.409,1.068,0.6445
"2024-04-29 08:00:00",572,16.74,190.9,0,3.99,249,47.25,3.99,1.552,4.849722,1015.602,72.5,2.929,-1.551,1.091,0.68725
"2024-04-29 09:00:00",573,16.62,215.8,0,4.407,255.3,34.75,4.407,1.43,4.822778,1015.713,69.7,2.808,-1.424,1.039,0.7769099
"2024-04-29 10:00:00",574,16.72,254.8,0,3.929,229.9,40.97,3.929,1.473,4.732222,1015.83,68.9,3.014,-1.404,1.013,0.91729
"2024-04-29 11:00:00",575,16.74,289.2,0,3.421,238.2,59.61,3.421,1.561,4.728889,1015.919,68.7,3.548,-1.392,1.059,1.04104
"2024-04-29 12:00:00",576,16.72,339,0,2.178,134.1,87.4,2.178,1.713,4.860555,1016.159,77.3,4.414,-1.334,1.018,1.22043
"2024-04-29 13:00:00",577,16.58,298.8,0,2.47,41.33,25.76,2.47,1.587,5.235555,1016.007,78.5,4.198,-1.359,1.025,1.07573
"2024-04-29 14:00:00",578,16.55,290.1,0,2.745,32.44,19.45,2.745,1.126,5.507778,1015.894,87.2,3.368,-1.368,1.053,1.04423
"2024-04-29 15:00:00",579,16.67,245.1,0,2.196,5.407,27.33,2.196,0.832,5.526666,1015.797,72.4,3.092,-1.373,1.057,0.8821999
"2024-04-29 16:00:00",580,16.72,188.9,0,2.499,296.8,83.3,2.499,1.652,4.972499,1015.604,73.7,3.157,-1.364,1.058,0.68005
"2024-04-29 17:00:00",581,16.76,115.3,0,2.617,219.1,87.5,2.617,1.53,4.872499,1015.466,70.4,2.363,-1.467,1.073,0.41514
"2024-04-29 18:00:00",582,16.8,85.7,0,2.595,239.8,69.56,2.595,1.321,4.849999,1015.147,78.2,1.856,-1.357,1.143,0.30856
"2024-04-29 19:00:00",583,16.85,81.3,0,3.216,251.5,65.27,3.216,1.081,4.834444,1015.11,72.5,1.544,-1.594,1.063,0.29283
"2024-04-29 20:00:00",584,16.78,60.15,0,5.342,260.5,13.35,5.342,0.576,4.695833,1015.06,73.8,0.847,-1.379,1.132,0.21653
"2024-04-29 21:00:00",585,16.97,45.44,0,4.848,259.9,17.85,4.848,0.237,4.557777,1015.098,74,0.352,-1.335,1.137,0.16357
"2024-04-29 22:00:00",586,16.96,21.38,0,2.815,212.4,41.81,2.815,-0.454,4.418333,1015.033,70.7,-0.419,-1.421,1.18,0.07697
"2024-04-29 23:00:00",587,16.99,17.25,0,3.629,217.5,48.76,3.629,-0.587,4.398611,1014.87,77.5,-0.921,-1.462,1.136,0.06209
"2024-04-30 00:00:00",588,16.92,23.07,0,3.18,196.8,45.82,3.18,-0.801,4.359167,1014.928,74.6,-0.997,-1.478,1.166,0.08303999
"2024-04-30 01:00:00",589,16.97,27.38,0,2.363,96.6,85.4,2.363,-0.103,4.528333,1014.87,75.1,-0.391,-1.486,1.148,0.09857
"2024-04-30 02:00:00",590,17,25.25,0,2.507,48.28,60.44,2.507,0.144,4.882222,1014.832,73.9,0.125,-1.486,1.141,0.09089999
"2024-04-30 03:00:00",591,17,32.14,0,3.415,190.7,32.97,3.415,0.878,4.802222,1014.898,74.7,0.758,-1.407,1.081,0.11572
"2024-04-30 04:00:00",592,16.99,74.93,0,1.987,173.3,93.9,1.987,1.05,4.886666,1014.647,75.8,1.356,-1.37,1.08,0.26974
"2024-04-30 05:00:00",593,16.99,89.7,0,3.367,194,55.97,3.367,0.959,4.941667,1014.547,75,1.459,-1.45,1.087,0.32295
"2024-04-30 06:00:00",594,16.65,130,0,3.169,190.1,39.8,3.169,1.185,4.778333,1014.49,72.9,1.866,-1.325,1.116,0.46782
"2024-04-30 07:00:00",595,16.63,148.3,0,2.685,162.4,33.92,2.685,1.215,4.803889,1014.587,70.5,2.096,-1.395,1.047,0.53404
"2024-04-30 08:00:00",596,16.6,162.4,0,2.02,118.1,87.9,2.02,1.475,4.823889,1014.673,73.2,2.564,-1.388,1.067,0.5847999
"2024-04-30 09:00:00",597,16.7,214.7,0,1.865,123,67.17,1.865,1.686,4.893333,1014.694,70.7,3.234,-1.371,1.063,0.7729899
"2024-04-30 10:00:00",598,16.68,268.1,0,2.757,170.6,48.88,2.757,1.835,4.83,1014.733,72.5,3.826,-1.367,1.055,0.9651899
"2024-04-30 11:00:00",599,16.61,215.1,0,3.038,168.3,59.19,3.038,1.708,4.945278,1014.882,71.9,3.151,-1.367,0.998,0.7745299
"2024-04-30 12:00:00",600,16.63,207.4,0,2.961,154.4,57.43,2.961,1.502,5.114166,1015.029,74.4,2.906,-1.406,1.035,0.7466099
"2024-04-30 13:00:00",601,16.66,201.4,0,3.907,161.1,44.11,3.907,1.553,4.965,1015.076,71,2.713,-1.437,1.164,0.72504
"2024-04-30 14:00:00",602,16.54,188.5,0,4.238,167.8,23.39,4.238,1.738,4.841944,1015.126,70.3,2.788,-1.319,0.995,0.67869
"2024-04-30 15:00:00",603,16.78,221.4,0,3.621,163,39.63,3.621,1.946,4.94,1015.125,70.3,3.212,-1.289,1.053,0.79706
"2024-04-30 16:00:00",604,16.85,141.6,0,4.533,172.7,23.85,4.533,1.827,4.820833,1015.138,68.1,2.735,-1.175,1.103,0.50981
"2024-04-30 17:00:00",605,16.83,132.8,0,5.051,182.9,22.11,5.051,1.861,4.811388,1014.877,69.3,2.486,-1.202,1.022,0.47806
"2024-04-30 18:00:00",606,16.79,99.4,0,2.975,198.4,48.42,2.975,1.864,4.883333,1014.962,69.3,2.429,-1.479,1.084,0.35778
"2024-04-30 19:00:00",607,16.83,54.74,0,2.471,188.7,62.45,2.471,1.814,4.858889,1015.083,69.9,2.114,-1.322,1.079,0.19706
"2024-04-30 20:00:00",608,16.87,41.78,0,2.247,174.7,40.56,2.247,1.898,4.815,1015.112,68.7,2.009,-1.382,1.103,0.1504
"2024-04-30 21:00:00",609,16.93,28.72,0,1.667,89.1,84,1.667,1.912,4.765277,1015.347,68.2,1.969,-1.386,1.09,0.10339
"2024-04-30 22:00:00",610,16.93,18.43,0,2.088,180,38.22,2.088,1.828,4.685833,1015.636,67.2,1.8,-1.399,1.112,0.06636
"2024-04-30 23:00:00",611,16.98,13.18,0,1.836,150.4,90.9,1.836,1.696,4.674166,1016.015,66.6,1.63,-1.388,1.079,0.04744
"2024-05-01 00:00:00",612,16.99,12.39,0,1.822,180.6,65.15,1.822,1.542,4.678055,1016.357,67.9,1.468,-1.392,1.076,0.04461
"2024-05-01 01:00:00",613,17,15.23,0,2.12,168.3,32.35,2.12,1.507,4.620555,1016.685,66.6,1.427,-1.405,1.119,0.05483
"2024-05-01 02:00:00",614,16.99,22.88,0,0.898,241.2,90.2,0.898,1.222,4.794444,1016.969,76,1.324,-1.41,1.102,0.08234999
"2024-05-01 03:00:00",615,16.98,32.69,0,1.531,351.1,41.03,1.531,0.997,4.922222,1017.315,77,1.104,-1.414,1.116,0.11769
"2024-05-01 04:00:00",616,17.01,47.23,0,1.357,192.2,61.81,1.357,0.977,4.988611,1017.545,69.9,1.161,-1.413,1.114,0.17003
"2024-05-01 05:00:00",617,17.05,60.43,0,1.855,149.4,29.53,1.855,1.118,4.849722,1017.973,72,1.364,-1.409,1.102,0.21754
"2024-05-01 06:00:00",618,16.93,79.16,0,1.651,153.1,24.59,1.651,1.258,4.757778,1018.41,72.5,1.671,-1.387,1.1,0.28498
"2024-05-01 07:00:00",619,16.87,105.4,0,1.694,171.1,17.86,1.694,1.281,4.6975,1018.892,68.3,1.942,-1.39,1.078,0.37933
"2024-05-01 08:00:00",620,16.93,126,0,1.584,162.7,31.88,1.584,1.349,4.594444,1019.407,69,2.185,-1.403,1.084,0.45353
"2024-05-01 09:00:00",621,16.84,149.3,0,1.368,157.6,42.32,1.368,1.379,4.701111,1019.887,68.9,2.431,-1.374,1.074,0.5374399
"2024-05-01 10:00:00",622,16.91,180.3,0,1.821,187.7,13.45,1.821,1.448,4.673611,1020.31,67.7,2.691,-1.369,1.08,0.64925
"2024-05-01 11:00:00",623,16.93,199.4,0,2.068,165.1,13.09,2.068,1.575,4.626945,1020.68,67.9,2.945,-1.362,1.054,0.71771
"2024-05-01 12:00:00",624,16.93,235.3,0,2.26,148.2,20.37,2.26,1.713,4.692778,1021.055,70.5,3.281,-1.377,1.054,0.8471
"2024-05-01 13:00:00",625,16.88,236.1,0,3.747,117.7,14.09,3.747,1.544,4.969722,1021.383,71.2,2.932,-1.319,1.061,0.85
"2024-05-01 14:00:00",626,16.96,209.7,0,4.339,117.2,12.81,4.339,1.46,4.853889,1021.605,72.6,2.587,-1.337,1.11,0.7548
"2024-05-01 15:00:00",627,16.98,171.2,0,4.489,114.1,11.34,4.489,1.212,4.808333,1021.824,73.1,2.173,-1.567,1.024,0.61615
"2024-05-01 16:00:00",628,16.92,132.2,0,5.782,117.3,11.05,5.782,0.704,4.677777,1021.959,72.6,1.376,-1.399,1.142,0.47604
"2024-05-01 17:00:00",629,16.89,106.3,0,5.179,123.2,14.73,5.179,0.531,4.596389,1022.154,71.7,1.015,-1.469,1.143,0.38284
"2024-05-01 18:00:00",630,16.9,85.1,0,3.858,123.4,17.25,3.858,0.51,4.622222,1022.359,73.5,0.891,-1.43,1.125,0.30636
"2024-05-01 19:00:00",631,16.9,62.35,0,4.035,120,17.08,4.035,0.342,4.621944,1022.469,73.4,0.602,-1.427,1.112,0.22446
"2024-05-01 20:00:00",632,16.99,45.98,0,4.574,124.6,17.23,4.574,0.167,4.501389,1022.686,72.7,0.347,-1.399,1.066,0.16554
"2024-05-01 21:00:00",633,16.99,31.66,0,4.727,121.7,20.92,4.727,-0.166,4.462222,1023.089,74.4,-0.185,-1.387,1.051,0.11398
"2024-05-01 22:00:00",634,16.94,18.33,0,3.177,143,37.81,3.177,-0.35,4.356667,1023.384,72.8,-0.514,-1.431,1.145,0.066
"2024-05-01 23:00:00",635,16.98,17.14,0,2.952,125.7,32.95,2.952,-0.481,4.296389,1023.595,72.5,-0.507,-1.38,1.17,0.06172
"2024-05-02 00:00:00",636,16.93,21.41,0,3.091,125.9,36.48,3.091,-0.588,4.130833,1023.605,68.4,-0.611,-1.426,1.198,0.07705999
"2024-05-02 01:00:00",637,16.93,30.45,0,2.531,121,65.84,2.531,-0.72,3.930833,1023.678,68.3,-0.669,-1.416,1.161,0.10962
"2024-05-02 02:00:00",638,16.93,43.48,0,3.873,122.3,49.66,3.873,-1.018,3.752222,1023.555,64.5,-0.813,-1.204,0.988,0.15653
"2024-05-02 03:00:00",639,16.93,103.6,0,4.626,133,37.53,4.626,-1.146,3.5975,1023.435,64.7,-0.706,-1.121,1.17,0.37296
"2024-05-02 04:00:00",640,16.95,166,0,2.231,134.3,52.21,2.231,-0.986,3.619444,1023.545,64.1,0.678,-1.473,1.118,0.59763
"2024-05-02 05:00:00",641,16.97,110.7,0,3.802,123.1,43.13,3.802,-1.365,3.469167,1023.322,63.2,-0.224,-1.355,1.166,0.39839
"2024-05-02 06:00:00",642,16.77,265.5,0,1.637,134,47.54,1.637,-1.094,3.622222,1023.381,68.8,2.218,-1.426,1.089,0.95569
"2024-05-02 07:00:00",643,16.82,332.5,0,1.321,63.91,64.04,1.321,-0.721,3.794166,1023.53,68,4.234,-1.377,1.036,1.19683
"2024-05-02 08:00:00",644,16.71,392.1,0,2.976,21.73,17.23,2.976,-1.508,3.883889,1023.403,69.6,3.61,-1.399,1.065,1.4114
"2024-05-02 09:00:00",645,16.78,439.7,0,2.176,30.62,25.22,2.176,-1.337,3.84,1023.61,69.2,4.185,-1.381,1.001,1.583
"2024-05-02 10:00:00",646,16.74,469.4,0,2.445,35.01,27.43,2.445,-1.404,3.774722,1023.62,67.2,4.239,-1.372,0.994,1.68969
"2024-05-02 11:00:00",647,16.72,490.2,0,2.084,31.82,26.65,2.084,-1.285,3.683333,1023.46,63.5,4.586,-1.352,0.98,1.76461
"2024-05-02 12:00:00",648,16.73,492.7,0,2.491,31.6,24.71,2.491,-1.469,3.646111,1023.283,65.4,3.95,-1.353,1,1.77374
"2024-05-02 13:00:00",649,16.67,477.4,0,2.344,25.32,28.34,2.344,-1.489,3.672222,1023.012,65.7,3.681,-1.338,1.015,1.71864
"2024-05-02 14:00:00",650,16.65,446.9,0,2.24,2.274,21.51,2.24,-1.673,3.562222,1022.751,65.4,3.348,-1.35,1.026,1.60868
"2024-05-02 15:00:00",651,16.77,400,0,2.581,352.3,12.41,2.581,-1.861,3.497778,1022.356,66,2.517,-1.376,1.038,1.44004
"2024-05-02 16:00:00",652,16.89,172,0,2.651,360,14,2.651,-2.272,3.438056,1022.041,68.5,0.069,-1.446,1.104,0.6192999
"2024-05-02 17:00:00",653,16.91,43.64,0,3.382,8.29,7.736,3.382,-2.935,3.460278,1021.504,71.5,-2.691,-1.539,1.179,0.15709
"2024-05-02 18:00:00",654,16.82,38.72,0,1.467,57.14,77.64,1.467,-3.416,3.465833,1021.192,74,-3.33,-1.559,1.208,0.13939
"2024-05-02 19:00:00",655,16.8,40.82,0,1.582,188.3,24.78,1.582,-4.13,3.405278,1020.803,76.3,-4.09,-1.584,1.222,0.14695
"2024-05-02 20:00:00",656,16.9,32.78,0,1.057,225.5,93.1,1.057,-4.404,3.388611,1020.512,77.9,-4.539,-1.597,1.236,0.11801
"2024-05-02 21:00:00",657,16.96,47.44,0,1.443,283.2,97.6,1.443,-4.558,3.3925,1020.342,77.9,-4.522,-1.598,1.244,0.17078
"2024-05-02 22:00:00",658,17,29.89,0,3.576,185.3,14.06,3.576,-4.814,3.443056,1020.141,79.4,-4.755,-1.579,1.139,0.10759
"2024-05-02 23:00:00",659,16.96,26,0,2.073,357,28.29,2.073,-5.215,3.247222,1020.031,77.6,-5.211,-1.616,1.248,0.09359999
"2024-05-03 00:00:00",660,16.94,33.14,0,2.052,29.16,76.12,2.052,-5.067,3.261111,1019.632,78,-5.123,-1.613,1.25,0.11929
"2024-05-03 01:00:00",661,17,37.07,0,2.826,181.2,9.03,2.826,-5.352,3.228333,1019.227,77.4,-5.22,-1.572,1.271,0.13344
"2024-05-03 02:00:00",662,16.82,49.2,0,1.308,200.3,102.8,1.308,-5.818,3.079166,1018.904,77.4,-5.762,-1.649,1.261,0.17711
"2024-05-03 03:00:00",663,16.99,112.1,0,1.574,5.459,11.09,1.574,-5.669,3.090277,1018.598,75.7,-4.882,-1.624,1.237,0.4036
"2024-05-03 04:00:00",664,16.97,171.8,0,0.774,358.4,66.08,0.774,-4.854,3.238055,1018.516,68.8,-2.325,-1.552,1.17,0.61839
"2024-05-03 05:00:00",665,16.99,120.4,0,0.943,172.6,75.57,0.943,-4.767,3.143611,1018.165,71.7,-2.541,-1.549,1.148,0.43343
"2024-05-03 06:00:00",666,16.67,271.7,0,1.606,331.6,38.73,1.606,-4.776,3.098888,1017.98,72.5,-1.19,-1.536,1.154,0.97802
"2024-05-03 07:00:00",667,16.71,335.1,0,2.681,352.7,10.32,2.681,-4.781,3.048611,1017.913,68.9,-0.142,-1.507,1.143,1.20622
"2024-05-03 08:00:00",668,16.6,385,0,1.81,12.07,22.71,1.81,-3.985,2.967222,1017.903,66.1,1.236,-1.482,1.1,1.38598
"2024-05-03 09:00:00",669,16.7,450.4,0,1.836,23.36,74.13,1.836,-3.692,3.055,1017.857,64.5,2.584,-1.432,1.047,1.62144
"2024-05-03 10:00:00",670,16.49,470.3,0,2.21,18.94,22.93,2.21,-3.108,3.074722,1017.853,64.5,2.789,-1.442,1.019,1.69308
"2024-05-03 11:00:00",671,16.74,495.9,0,1.911,18.92,39.14,1.911,-2.573,3.378056,1017.951,67.9,3.814,-1.381,0.989,1.7851
"2024-05-03 12:00:00",672,16.72,498.4,0,2.479,14.44,15.53,2.479,-2.773,3.555556,1017.963,73.5,2.951,-1.397,1.014,1.79429
"2024-05-03 13:00:00",673,16.79,483.9,0,1.746,18.02,31.4,1.746,-2.007,3.519722,1017.992,67.3,3.61,-1.356,1.028,1.74191
