"TOA5","SN6134_ClimatVUE","CR1000","6316","CR1000.Std.32.06","CPU:SN6134_ClimatVUE50_LP.CR1","54061","ClimatVIEW_1h"
"TIMESTAMP","RECORD","BattV_Min","SlrFD_W_Avg","Rain_mm_Tot","WS_ms_S_WVT","WindDir_D1_WVT","WindDir_SD1_WVT","MaxWS_ms_Avg","AirT_C_Avg","VP_mbar_Avg","BP_mbar_Avg","RH","RHT_C_Avg","TiltNS_deg_Avg","TiltWE_deg_Avg","SlrTF_MJ_Tot"
"TS","RN","Volts","W/m^2","mm","meters/second","Deg","Deg","meters/second","Deg C","mbar","mbar","%","Deg C","degrees","degrees","MJ/m^2"
"","","Min","Avg","Tot","WVc","WVc","WVc","Avg","Avg","Avg","Avg","Smp","Avg","Avg","Avg","Tot"
"2024-07-21 00:00:00",2270,13.48,58.16,0,3.662,19.99,6.521,3.662,8.74,8.441111,1005.59,75.3,9.26,-0.714,0.732,0.20937
"2024-07-21 01:00:00",2271,13.48,27.78,0,2.704,29.36,9.53,2.704,8.34,8.424166,1005.515,77.4,8.52,-0.771,0.763,0.10002
"2024-07-21 02:00:00",2272,13.48,20.73,0,2.531,24.55,7.722,2.531,7.99,8.406388,1005.47,80.1,8.13,-0.77,0.764,0.07461999
"2024-07-21 03:00:00",2273,13.48,26.98,0,2.592,28.52,18.01,2.592,7.634,8.43611,1005.267,82.4,7.792,-0.789,0.78,0.09711999
"2024-07-21 04:00:00",2274,13.48,44.32,0,1.59,31.72,48.07,1.59,7.479,8.511944,1004.943,81.9,7.706,-0.788,0.771,0.15956
"2024-07-21 05:00:00",2275,13.48,80.2,0,1.822,20.06,35.9,1.822,7.496,8.719444,1004.852,85.2,7.926,-0.774,0.767,0.28886
"2024-07-21 06:00:00",2276,13.48,116.6,0,1.57,15.77,14.99,1.57,7.516,8.859445,1004.505,85.7,8.24,-0.775,0.753,0.41969
"2024-07-21 07:00:00",2277,13.48,241.2,0,3.218,16.72,12.12,3.218,7.77,9.066111,1004.286,83.9,9.13,-0.817,0.734,0.8682299
"2024-07-21 08:00:00",2278,13.48,205.5,0,4.143,4.012,10.72,4.143,7.915,8.94361,1004.184,83.9,8.99,-0.725,0.738,0.7398099
"2024-07-21 09:00:00",2279,13.48,202,0,4.192,0.113,12.26,4.191,7.979,8.836666,1004.181,81.7,8.91,-0.704,0.751,0.7273499
"2024-07-21 10:00:00",2280,13.48,232.1,0,3.607,21.75,19.54,3.607,8.2,8.9325,1004.118,84.4,9.19,-0.724,0.729,0.83539
"2024-07-21 11:00:00",2281,13.48,231.2,0,3.54,3.797,21.21,3.54,8.8,9.097222,1004.054,79,9.92,-0.719,0.687,0.8324599
"2024-07-21 12:00:00",2282,13.48,324.3,0,4.552,352,12.05,4.552,8.9,9.185278,1003.83,79.8,10.57,-0.706,0.701,1.16745
"2024-07-21 13:00:00",2283,13.48,170.5,0,3.897,356.5,25.1,3.897,9.01,8.968055,1003.7,77,9.98,-0.724,0.719,0.6138399
"2024-07-21 14:00:00",2284,13.47,145.5,0,2.83,5.155,25.34,2.83,8.82,8.861944,1003.607,78.3,9.61,-0.74,0.742,0.52369
"2024-07-21 15:00:00",2285,13.48,139.8,0,2.474,27.11,21.08,2.474,8.73,9.054444,1003.407,80.8,9.54,-0.738,0.725,0.50344
"2024-07-21 16:00:00",2286,13.48,109.3,0,1.518,49.51,28.28,1.518,9.02,9.209444,1003.224,80.1,9.66,-0.725,0.719,0.39361
"2024-07-21 17:00:00",2287,13.46,84.7,0,1.403,33.47,27.57,1.403,9.28,9.499999,1002.964,84.1,9.97,-0.72,0.714,0.30483
"2024-07-21 18:00:00",2288,13.46,65.36,0,1.287,53.86,28.4,1.287,9.27,9.655833,1002.677,83.7,9.71,-0.716,0.716,0.23529
"2024-07-21 19:00:00",2289,13.48,46.98,0,1.325,38.46,22.86,1.325,9.24,9.688334,1002.578,82.1,9.65,-0.718,0.731,0.16913
"2024-07-21 20:00:00",2290,13.46,31.24,0,0.763,29.88,32.54,0.763,9.44,9.654722,1002.535,81.4,9.68,-0.714,0.729,0.11248
"2024-07-21 21:00:00",2291,13.46,19.38,0,0.8,44.41,61.8,0.8,9.51,9.647778,1002.588,82.8,9.68,-0.721,0.731,0.06975999
"2024-07-21 22:00:00",2292,13.48,16.24,0,1.543,62.26,21.46,1.543,9.17,9.911667,1002.743,86.5,9.35,-0.715,0.74,0.05844999
"2024-07-21 23:00:00",2293,13.48,19.92,0,1.231,61.74,42.02,1.231,8.97,9.810278,1002.912,86.1,9.1,-0.719,0.744,0.07171
"2024-07-22 00:00:00",2294,13.47,20.84,0,1.524,39.83,18.98,1.524,8.65,9.931111,1002.938,91.5,8.83,-0.734,0.736,0.07501999
"2024-07-22 01:00:00",2295,13.46,25.15,0,0.818,5.776,56.15,0.818,8.37,10.21028,1002.93,93.1,8.61,-0.739,0.759,0.09052999
"2024-07-22 02:00:00",2296,13.48,28.94,0,1.559,52.58,37.91,1.559,8.4,10.39194,1003.248,95.3,8.6,-0.74,0.754,0.10418
"2024-07-22 03:00:00",2297,13.48,45.77,0,0.843,38.26,45.64,0.843,8.35,10.65111,1003.413,96.3,8.54,-0.742,0.757,0.16478
"2024-07-22 04:00:00",2298,13.46,47.15,0,0.758,29.2,42.4,0.758,8.45,10.84278,1003.703,97.8,8.73,-0.738,0.765,0.16974
"2024-07-22 05:00:00",2299,13.46,61.47,0,0.985,51.24,33.7,0.985,8.66,11.03611,1003.918,97.8,8.96,-0.736,0.737,0.22128
"2024-07-22 06:00:00",2300,13.46,64.33,0,1.071,43.2,36.47,1.071,8.75,11.20583,1003.981,100,9.1,-0.736,0.75,0.2316
"2024-07-22 07:00:00",2301,13.48,62.33,0,1.616,53.19,32.87,1.616,8.7,11.1825,1004.159,100,9.11,-0.741,0.757,0.22437
"2024-07-22 08:00:00",2302,13.48,80.7,0,1.349,60.98,34.86,1.349,8.75,11.22778,1004.489,100,9.15,-0.727,0.742,0.29046
"2024-07-22 09:00:00",2303,13.46,86.3,0,1.031,59.61,37.22,1.031,9.06,11.43944,1004.864,97.6,9.51,-0.724,0.731,0.3106
"2024-07-22 10:00:00",2304,13.47,145.5,0,0.912,54.71,85.2,0.912,9.59,11.69167,1005.172,95.3,10.56,-0.692,0.714,0.52372
"2024-07-22 11:00:00",2305,13.47,152.1,0,1.485,76.68,59.29,1.485,10.17,11.85806,1005.459,96,11.31,-0.683,0.701,0.5476999
"2024-07-22 12:00:00",2306,13.48,144.4,0,2.379,60.42,31.02,2.379,9.96,11.67611,1005.79,95.8,10.76,-0.685,0.701,0.51978
"2024-07-22 13:00:00",2307,13.48,103.4,0,2.14,86.2,20.72,2.14,9.63,11.56583,1006.019,97.3,10.27,-0.677,0.731,0.37224
"2024-07-22 14:00:00",2308,13.48,153.2,0,1.742,56.11,28.32,1.742,9.96,11.82861,1006.181,95.1,10.73,-0.692,0.704,0.5513999
"2024-07-22 15:00:00",2309,13.47,151.8,0,1.575,19.69,32.06,1.575,10.1,11.9575,1006.316,95.3,11.22,-0.651,0.691,0.5465199
"2024-07-22 16:00:00",2310,13.47,116.5,0,1.606,30.01,35.96,1.606,10.17,11.93139,1006.318,96.4,11.05,-0.652,0.705,0.41933
"2024-07-22 17:00:00",2311,13.47,91.1,0,1.884,36.89,22.17,1.884,10.48,12.02444,1006.403,95.9,11.13,-0.675,0.691,0.32812
"2024-07-22 18:00:00",2312,13.47,102,0,1.122,49.16,44.93,1.122,10.67,12.18389,1006.583,93.7,11.3,-0.672,0.692,0.36726
"2024-07-22 19:00:00",2313,13.46,50.39,0,0.95,266.9,95.6,0.95,11.29,12.29194,1006.566,92.4,11.79,-0.645,0.674,0.18139
"2024-07-22 20:00:00",2314,13.47,41.16,0,1.235,2.728,8.87,1.235,11.07,12.27194,1006.566,93.5,11.5,-0.638,0.683,0.14819
"2024-07-22 21:00:00",2315,13.47,42.53,0,0.683,8.4,64.75,0.683,11.28,12.37139,1006.303,91.6,11.56,-0.645,0.675,0.15311
"2024-07-22 22:00:00",2316,13.47,46.09,0,1,10.49,63.44,1,11.4,12.50667,1006.227,93.6,11.62,-0.649,0.69,0.16592
"2024-07-22 23:00:00",2317,13.47,26.02,0,0.86,174.9,91.9,0.86,11.26,12.42167,1006.242,92.6,11.37,-0.643,0.694,0.09366
"2024-07-23 00:00:00",2318,13.47,22.51,0,0.707,10.38,91.1,0.707,10.99,12.16055,1006.147,93.7,11.13,-0.668,0.705,0.08101999
"2024-07-23 01:00:00",2319,13.46,73.93,0,1.03,32.34,54.9,1.03,10.43,11.73083,1005.919,94.3,10.9,-0.673,0.711,0.26616
"2024-07-23 02:00:00",2320,13.46,142.9,0,1.127,14.96,53.91,1.127,10.94,12.12778,1005.573,92.2,12.25,-0.618,0.676,0.51428
"2024-07-23 03:00:00",2321,13.46,38.38,0,0.91,64.83,73.75,0.909,10.78,11.79333,1005.411,90.7,11.27,-0.633,0.693,0.13818
"2024-07-23 04:00:00",2322,13.47,62.44,0,1.168,45.04,33.17,1.168,10.51,11.84472,1005.27,97.1,10.96,-0.651,0.708,0.22477
"2024-07-23 05:00:00",2323,13.47,86.6,0,1.353,90.5,81.4,1.353,10.55,11.92305,1004.875,92.6,11.19,-0.633,0.7,0.31176
"2024-07-23 06:00:00",2324,13.47,85,0,1.206,356.7,78.62,1.206,10.75,12.07555,1004.424,93.8,11.27,-0.649,0.69,0.30599
"2024-07-23 07:00:00",2325,13.46,146.5,0,1.317,36.81,82.9,1.317,11.04,12.51389,1004.11,95.3,12,-0.633,0.675,0.52745
"2024-07-23 08:00:00",2326,13.46,238.8,0,0.746,35.11,83.1,0.746,12.03,13.18361,1004.003,88.2,13.74,-0.583,0.627,0.85983
"2024-07-23 09:00:00",2327,13.46,394.9,0,3.391,76.83,52.41,3.391,16.79,14.77528,1003.232,80.1,19.19,-0.45,0.515,1.42151
"2024-07-23 10:00:00",2328,13.46,414.2,0,3,20.07,20.53,3,14.3,13.58639,1003.153,81.1,19.03,-0.446,0.486,1.4912
"2024-07-23 11:00:00",2329,13.47,445.6,0,2.843,9.56,21.95,2.843,15.09,13.64833,1003.054,75.1,18.41,-0.423,0.505,1.60415
"2024-07-23 12:00:00",2330,13.45,297.6,0,3.535,14.87,11.83,3.535,14.1,13.13778,1003.232,85.9,17.41,-0.47,0.547,1.07125
"2024-07-23 13:00:00",2331,13.46,208.1,0,1.524,13.27,50.62,1.524,13.42,12.95528,1003.363,80.2,15.51,-0.523,0.589,0.7492599
"2024-07-23 14:00:00",2332,13.46,259.8,0,2.825,53.1,34.85,2.825,13.66,12.765,1003.563,86,15.54,-0.42,0.592,0.9354299
"2024-07-23 15:00:00",2333,13.47,165.7,0,2.802,61.43,26.63,2.802,11.1,11.6725,1003.838,91.8,12.44,-0.607,0.643,0.59648
"2024-07-23 16:00:00",2334,13.46,159.6,0,1.58,16.77,61.07,1.58,11.25,11.83528,1004.085,89,12.25,-0.599,0.647,0.5746099
"2024-07-23 17:00:00",2335,13.48,109.4,0,2.601,51.79,27.06,2.601,10.01,11.2525,1004.272,92.6,10.99,-0.612,0.694,0.39386
"2024-07-23 18:00:00",2336,13.47,132.9,0,1.993,38.67,25.89,1.993,10.01,11.3425,1004.295,93.5,10.9,-0.634,0.691,0.47851
"2024-07-23 19:00:00",2337,13.48,101,0,2.037,39.75,19.8,2.037,9.39,11.04889,1004.114,94.4,10.02,-0.674,0.726,0.36349
"2024-07-23 20:00:00",2338,13.48,49.73,0,1.677,16.43,10.47,1.677,9.3,11.04806,1003.732,95.8,9.62,-0.68,0.723,0.17902
"2024-07-23 21:00:00",2339,13.46,60.03,0,1.01,5.748,11.24,1.01,9.4,11.1825,1003.492,94,9.66,-0.699,0.728,0.21609
"2024-07-23 22:00:00",2340,13.47,50.69,0,0.682,0.039,52.55,0.682,9.74,11.33889,1003.58,92.1,10.06,-0.682,0.713,0.18247
"2024-07-23 23:00:00",2341,13.47,26.54,0,0.988,5.567,61.33,0.988,9.98,11.39972,1003.033,94.1,10.19,-0.692,0.705,0.09553999
"2024-07-24 00:00:00",2342,13.46,31.26,0,1.359,52.24,63.18,1.359,9.71,11.44778,1002.698,95.1,9.89,-0.7,0.719,0.11253
"2024-07-24 01:00:00",2343,13.47,38.78,0,1.323,60.39,66.59,1.323,9.81,11.49194,1002.218,95.7,9.99,-0.692,0.714,0.1396
"2024-07-24 02:00:00",2344,13.47,71.53,0,1.185,59.37,58.61,1.185,9.62,11.45389,1001.77,95.1,10.02,-0.685,0.714,0.25749
"2024-07-24 03:00:00",2345,13.47,115.6,0,1.482,48.05,25.88,1.482,9.89,11.62667,1001.421,93.5,10.71,-0.668,0.699,0.41619
"2024-07-24 04:00:00",2346,13.47,47.08,0,1.822,104.4,59.21,1.822,10.19,11.63083,1001.71,91.2,10.49,-0.683,0.699,0.16947
"2024-07-24 05:00:00",2347,13.48,37.98,0,2.331,62.91,47.36,2.331,9.26,11.36778,1001.769,99.3,9.64,-0.673,0.722,0.13674
"2024-07-24 06:00:00",2348,13.46,54.31,0,1.181,192.7,73.51,1.181,9.26,11.45861,1001.166,95.5,9.41,-0.683,0.729,0.19552
"2024-07-24 07:00:00",2349,13.47,40.54,0.238,1.969,27.68,34.28,1.969,9.78,11.83805,1000.729,100,9.87,-0.69,0.721,0.14594
"2024-07-24 08:00:00",2350,13.47,37.01,0.952,1.108,14.43,49.44,1.108,9.35,11.65972,1000.272,98.5,9.61,-0.688,0.73,0.13322
"2024-07-24 09:00:00",2351,13.47,38.99,0.714,0.587,315.4,48.83,0.587,9.37,11.71722,1000.038,99.2,9.59,-0.692,0.738,0.14037
"2024-07-24 10:00:00",2352,13.48,49.76,1.479,1.284,59.71,29.09,1.284,9.56,11.87417,1000.122,100,9.76,-0.707,0.726,0.17914
"2024-07-24 11:00:00",2353,13.48,67.35,0.663,1.435,50.88,29.29,1.435,9.29,11.69583,999.863,100,9.58,-0.686,0.731,0.24246
"2024-07-24 12:00:00",2354,13.48,41.26,0.187,1.622,59.22,73.34,1.622,9.44,11.79333,999.7958,97.3,9.62,-0.697,0.719,0.14855
"2024-07-24 13:00:00",2355,13.46,29.92,0.544,2.026,71.07,99.7,2.026,9.75,11.86917,999.9517,97.8,9.74,-0.681,0.721,0.1077
"2024-07-24 14:00:00",2356,13.48,37.23,0.119,1.859,357.5,36.41,1.859,9.76,11.81111,1000.161,98.1,9.68,-0.684,0.726,0.13404
"2024-07-24 15:00:00",2357,13.48,46.96,0,4.705,244.3,38,4.705,10.72,11.30722,1000.402,85.7,10.46,-0.701,0.665,0.16907
"2024-07-24 16:00:00",2358,13.48,37.41,0,7.49,228.7,24.02,7.49,10.42,10.74444,1000.914,84.6,10.43,-0.468,0.768,0.13466
"2024-07-24 17:00:00",2359,13.48,39.44,0,7.066,212.7,39.14,7.066,9.9,10.30944,1001.199,82,9.96,-0.404,0.862,0.14199
"2024-07-24 18:00:00",2360,13.48,34.71,0,6.829,186.5,41.68,6.829,10.05,10.16111,1001.276,83.2,10.05,-0.645,0.641,0.12497
"2024-07-24 19:00:00",2361,13.48,51.15,0,7.389,197.7,46.31,7.389,9.74,10.07167,1001.753,82.4,9.76,-0.845,0.938,0.18413
"2024-07-24 20:00:00",2362,13.48,42.34,0,5.886,205,24.62,5.886,9.81,9.846666,1002.38,78.9,9.62,-0.698,0.596,0.15243
"2024-07-24 21:00:00",2363,13.48,38.33,0,1.941,233.3,54.29,1.941,10.15,9.431388,1002.591,78.1,10.09,-0.659,0.727,0.13798
"2024-07-24 22:00:00",2364,13.48,21.24,0,1.361,1.217,69.68,1.361,9.35,9.867222,1002.729,87.3,9.61,-0.685,0.723,0.07647
"2024-07-24 23:00:00",2365,13.46,17.67,0,1.022,126,82.3,1.022,9.26,9.995833,1002.87,81.4,9.15,-0.704,0.732,0.0636
"2024-07-25 00:00:00",2366,13.46,16.98,0,0.961,6.925,89.3,0.961,8.66,10.12861,1002.995,91.2,8.85,-0.703,0.741,0.06112
"2024-07-25 01:00:00",2367,13.46,20.31,0,1.775,181.7,46.16,1.775,9.35,9.853333,1003.14,79,8.99,-0.703,0.719,0.07313
"2024-07-25 02:00:00",2368,13.48,51.27,0,2.823,183,9.62,2.823,9.77,9.674722,1003.161,81,9.75,-0.634,0.695,0.18458
"2024-07-25 03:00:00",2369,13.46,73.09,0,2.722,181.7,14.26,2.722,9.78,9.796666,1003.294,81.3,9.78,-0.705,0.706,0.26314
"2024-07-25 04:00:00",2370,13.48,81.4,0,3.952,171.3,9.62,3.952,10.04,9.900556,1003.392,80.3,10.07,-0.573,0.677,0.2932
"2024-07-25 05:00:00",2371,13.47,81.7,0,2.311,177.6,32.3,2.311,10.09,9.930555,1003.777,79.4,10.33,-0.689,0.708,0.29404
"2024-07-25 06:00:00",2372,13.47,110.8,0,2.549,192.3,19.98,2.549,10.14,10.01833,1004.168,80.6,10.45,-0.666,0.693,0.39903
"2024-07-25 07:00:00",2373,13.47,142.8,0,3.686,183.4,11.83,3.686,10.43,10.11,1004.256,78.6,10.81,-0.578,0.685,0.5140899
"2024-07-25 08:00:00",2374,13.47,159.9,0,5.111,177.1,8.92,5.111,10.52,10.29917,1004.383,82,11.08,-0.471,0.574,0.57574
"2024-07-25 09:00:00",2375,13.48,183.5,0,5.51,176.6,8.69,5.51,10.83,10.23417,1004.724,77.5,11.23,-0.518,0.655,0.66049
"2024-07-25 10:00:00",2376,13.48,134.4,0,5.429,174.3,7.342,5.429,10.8,10.06778,1005.186,77,11.21,-0.569,0.702,0.48381
"2024-07-25 11:00:00",2377,13.48,139,0,5.279,173,8.73,5.279,11.04,9.788888,1005.586,73,11.51,-0.65,0.614,0.50032
"2024-07-25 12:00:00",2378,13.48,153.9,0,4.747,176.7,9.73,4.747,11.08,9.637222,1005.932,72.5,11.55,-0.718,0.709,0.5540799
"2024-07-25 13:00:00",2379,13.46,152.8,0,4.261,177.9,10.67,4.262,11.06,9.606111,1006.157,72.5,11.61,-0.607,0.694,0.5498999
"2024-07-25 14:00:00",2380,13.47,189.5,0,3.476,177,16.05,3.476,11.12,9.828333,1006.293,75.8,11.95,-0.64,0.665,0.6822399
"2024-07-25 15:00:00",2381,13.47,162.8,0,4.325,182.1,9.77,4.325,10.84,10.17417,1006.421,78.3,11.64,-0.619,0.663,0.5861599
"2024-07-25 16:00:00",2382,13.48,145.4,0,3.882,165.8,10.67,3.882,11.2,10.06833,1006.46,74.4,11.7,-0.593,0.673,0.52336
"2024-07-25 17:00:00",2383,13.47,89.3,0,3.281,166.3,16.86,3.281,11.46,9.887777,1006.507,71.9,11.78,-0.626,0.697,0.32133
"2024-07-25 18:00:00",2384,13.47,85.9,0,3.782,186.4,10.38,3.782,11.39,9.860555,1006.513,73.7,11.61,-0.628,0.639,0.30934
"2024-07-25 19:00:00",2385,13.47,63.09,0,2.538,167.5,22.23,2.538,11.52,9.953055,1006.631,73.6,11.68,-0.625,0.674,0.22713
"2024-07-25 20:00:00",2386,13.47,65.67,0,4.139,180.7,16.87,4.139,11.5,9.925278,1006.469,74,11.62,-0.572,0.634,0.23642
"2024-07-25 21:00:00",2387,13.47,51.46,0,4.081,179,17.49,4.081,11.63,9.918055,1006.57,71.6,11.61,-0.657,0.685,0.18526
"2024-07-25 22:00:00",2388,13.47,29.68,0,3.265,171.2,10.46,3.265,11.63,9.923888,1006.875,72.2,11.64,-0.588,0.659,0.10683
"2024-07-25 23:00:00",2389,13.47,10.74,0,1.643,190.7,22,1.643,11.13,9.986944,1006.968,76.4,11.11,-0.628,0.679,0.03867
"2024-07-26 00:00:00",2390,13.47,15.81,0,4.721,177.8,6.843,4.721,10.89,10.03972,1006.855,77.7,10.87,-0.594,0.749,0.05693
"2024-07-26 01:00:00",2391,13.48,13.71,0,5.576,173.5,8.45,5.576,10.84,10.21778,1006.982,80.9,10.81,-0.654,0.6,0.04933999
"2024-07-26 02:00:00",2392,13.47,25.14,0,3.659,180.9,9.65,3.659,10.49,10.26528,1007.06,81.6,10.46,-0.65,0.639,0.09051
"2024-07-26 03:00:00",2393,13.48,37.84,0,3.401,181.4,10.71,3.401,10.46,10.34694,1006.93,80.7,10.44,-0.64,0.672,0.13624
"2024-07-26 04:00:00",2394,13.48,37.55,0,5.047,179.2,8.66,5.047,10.78,10.17278,1006.67,78.6,10.69,-0.628,0.696,0.13519
"2024-07-26 05:00:00",2395,13.48,50.7,0,5.483,194.4,9.15,5.483,10.86,10.08972,1006.521,77.3,10.93,-0.715,0.604,0.18251
"2024-07-26 06:00:00",2396,13.47,56.35,0,3.807,188.4,16.9,3.807,10.98,10.14861,1006.703,77.2,11.04,-0.6,0.655,0.20286
"2024-07-26 07:00:00",2397,13.47,69.92,0,2.585,169.2,13.29,2.585,11.02,10.07222,1006.89,74.9,11.16,-0.628,0.677,0.2517
"2024-07-26 08:00:00",2398,13.47,85.4,0,1.49,170.2,39.49,1.49,11.35,10.00139,1007.026,77,11.63,-0.621,0.661,0.30748
"2024-07-26 09:00:00",2399,13.47,120.6,0,1.729,203.2,43.93,1.729,11.58,10.10694,1007.097,71,12.08,-0.6,0.639,0.43423
"2024-07-26 10:00:00",2400,13.46,148.7,0,1.674,163.4,57.78,1.674,11.89,9.941389,1007.126,72.8,12.55,-0.611,0.64,0.53514
"2024-07-26 11:00:00",2401,13.46,125.2,0,1.675,11.73,17.05,1.675,11.89,10.19056,1007.17,72.2,12.64,-0.588,0.629,0.45071
"2024-07-26 12:00:00",2402,13.46,120.9,0,2.144,352.9,11.96,2.144,11.81,10.20278,1006.995,73.2,12.44,-0.608,0.632,0.43532
"2024-07-26 13:00:00",2403,13.46,155.2,0,2.196,356.5,10.39,2.196,11.75,10.2375,1006.866,76.4,12.57,-0.604,0.633,0.55879
"2024-07-26 14:00:00",2404,13.48,130.3,0,3.23,341.5,13.28,3.23,11.53,10.40167,1006.708,78.1,12.19,-0.602,0.649,0.46908
"2024-07-26 15:00:00",2405,13.48,129.2,0,3.664,352.3,11.93,3.664,11.35,10.22833,1006.554,75.1,11.91,-0.649,0.638,0.46513
"2024-07-26 16:00:00",2406,13.48,132.1,0,3.504,340.7,15.5,3.504,11.25,10.09444,1006.377,75.1,11.82,-0.623,0.683,0.47558
"2024-07-26 17:00:00",2407,13.47,140.7,0,3.228,346.8,20.58,3.228,11.29,9.961389,1006.038,72.4,11.85,-0.624,0.641,0.50647
"2024-07-26 18:00:00",2408,13.47,131.9,0,2.577,4.749,12.86,2.577,11.5,9.780833,1005.695,71.1,12.07,-0.593,0.636,0.4748
"2024-07-26 19:00:00",2409,13.46,104,0,3.3,358.5,12.21,3.3,11.47,9.817778,1005.491,72.6,11.97,-0.64,0.63,0.37447
"2024-07-26 20:00:00",2410,13.48,56.97,0,2.346,38.92,28.94,2.346,10.29,10.52361,1005.137,89.7,10.88,-0.632,0.666,0.2051
"2024-07-26 21:00:00",2411,13.46,38.54,0,0.746,51.43,52.53,0.746,9.88,10.60111,1004.842,85.5,10.08,-0.665,0.685,0.13875
"2024-07-26 22:00:00",2412,13.46,41.2,0,0.69,138.4,73.99,0.69,9.93,10.32528,1004.619,85.6,10.03,-0.644,0.687,0.14832
"2024-07-26 23:00:00",2413,13.47,42.49,0,0.573,209.5,31.18,0.573,10.11,10.35861,1004.192,80.9,10.31,-0.643,0.688,0.15298
"2024-07-27 00:00:00",2414,13.47,33.04,0,0.72,20.29,47.27,0.719,9.86,10.64472,1003.646,86.1,10.15,-0.666,0.691,0.11896
"2024-07-27 01:00:00",2415,13.46,60.66,0,1.03,214.7,70.22,1.03,9.98,10.4025,1003.134,76.7,9.9,-0.661,0.706,0.21839
"2024-07-27 02:00:00",2416,13.46,118.7,0,1.46,25.04,84.3,1.46,11.48,10.29472,1002.722,72,11.85,-0.604,0.643,0.42746
"2024-07-27 03:00:00",2417,13.47,100,0,1.708,101.9,75.65,1.709,12.02,9.901944,1002.543,70.5,12.79,-0.568,0.631,0.35997
"2024-07-27 04:00:00",2418,13.47,56.19,0,1.935,26.82,36.35,1.935,10.34,10.28667,1002.295,81.5,10.99,-0.66,0.65,0.20228
"2024-07-27 05:00:00",2419,13.47,68.43,0,1.646,115,90.5,1.645,11.36,9.864445,1001.842,72.1,11.37,-0.676,0.636,0.24633
"2024-07-27 06:00:00",2420,13.47,103.9,0,1.234,140.5,96.2,1.234,11.66,9.864721,1001.539,71.6,12.09,-0.607,0.639,0.37411
"2024-07-27 07:00:00",2421,13.46,135.3,0,1.632,166.8,81.5,1.632,12.16,9.981667,1001.335,70.7,12.81,-0.597,0.632,0.4872
"2024-07-27 08:00:00",2422,13.46,107.1,0,1.382,274.4,80.4,1.382,12.41,10.16389,1001.188,70.9,12.93,-0.585,0.623,0.38559
"2024-07-27 09:00:00",2423,13.46,101.1,0,2.24,84.6,60.86,2.24,12.52,10.37583,1000.987,71.1,12.98,-0.698,0.553,0.36408
"2024-07-27 10:00:00",2424,13.47,92.5,0,1.723,47.8,77.55,1.723,12.12,10.64278,1000.996,74.4,12.61,-0.601,0.626,0.33283
"2024-07-27 11:00:00",2425,13.47,187.6,0,2.007,84.8,66.37,2.007,12.31,11.06833,1000.854,86.7,13.24,-0.576,0.607,0.6753799
"2024-07-27 12:00:00",2426,13.46,283.5,0,2.205,40.65,23.83,2.205,11.77,11.27889,1000.637,79.7,13.51,-0.561,0.605,1.02052
"2024-07-27 13:00:00",2427,13.46,109.7,0,1.92,52.19,27.44,1.92,12.13,11.15972,1000.773,80.1,12.94,-0.538,0.611,0.39502
"2024-07-27 14:00:00",2428,13.46,214.1,0,1.281,31.35,53.78,1.281,11.77,11.3625,1000.622,82.5,13.27,-0.565,0.597,0.7708899
"2024-07-27 15:00:00",2429,13.46,116.2,0,1.772,31.77,35.64,1.772,11.73,11.27472,1000.807,86.4,12.89,-0.556,0.614,0.41835
"2024-07-27 16:00:00",2430,13.46,113.2,0,1.382,13.26,21.82,1.382,11.26,11.45833,1001.146,86.5,12.33,-0.581,0.634,0.40762
"2024-07-27 17:00:00",2431,13.46,56.56,0,1.578,20.38,45.08,1.578,11.04,11.25667,1001.477,86.8,11.69,-0.596,0.65,0.20362
"2024-07-27 18:00:00",2432,13.47,77.24,0,1.479,42.37,30.23,1.479,10.5,11.0275,1001.718,87.3,11.13,-0.613,0.655,0.27807
"2024-07-27 19:00:00",2433,13.47,36.93,0,1.099,15.61,61.92,1.099,10.32,10.97139,1002.055,84.5,10.73,-0.627,0.666,0.13293
"2024-07-27 20:00:00",2434,13.47,39.88,0,1.375,200,77.81,1.375,10.87,11.01278,1002.343,84.7,11.03,-0.622,0.667,0.14356
"2024-07-27 21:00:00",2435,13.46,23.18,0,0.992,9.94,37.66,0.992,10.39,10.86333,1002.746,87.3,10.74,-0.632,0.675,0.08342999
"2024-07-27 22:00:00",2436,13.47,14.99,0,1.117,13.53,48.54,1.117,9.98,10.89056,1003.037,89,10.27,-0.635,0.689,0.05398
"2024-07-27 23:00:00",2437,13.47,16.5,0,0.464,202.3,28.16,0.464,10.1,10.86667,1003.376,86.2,10.16,-0.643,0.676,0.0594
"2024-07-28 00:00:00",2438,13.46,17.75,0,0.92,2.226,23.39,0.92,9.9,10.89528,1003.745,88.2,10.17,-0.636,0.685,0.06390999
"2024-07-28 01:00:00",2439,13.47,17.39,0,0.98,357.7,12.28,0.98,9.93,10.71083,1003.998,88.3,10.04,-0.647,0.677,0.06261999
"2024-07-28 02:00:00",2440,13.47,53.08,0,1.021,10.76,17.87,1.021,9.85,10.74694,1004.341,88.9,10.14,-0.651,0.686,0.19109
"2024-07-28 03:00:00",2441,13.47,77.8,0,1.269,19.04,57.25,1.269,9.64,10.78611,1004.58,91.1,10.23,-0.648,0.678,0.28009
"2024-07-28 04:00:00",2442,13.47,79.6,0,0.624,338.5,78.07,0.624,9.63,10.815,1004.828,88.1,10.25,-0.634,0.686,0.28656
"2024-07-28 05:00:00",2443,13.47,106.9,0,1.532,22.42,16.22,1.532,9.96,11.05278,1005.073,89.1,10.72,-0.626,0.665,0.38492
"2024-07-28 06:00:00",2444,13.46,133,0,1.166,22.71,23.7,1.166,10.18,11.10056,1005.144,91,11.13,-0.618,0.656,0.47893
"2024-07-28 07:00:00",2445,13.47,186.7,0,1.271,18.27,19.32,1.271,10.58,11.33806,1005.272,88.7,11.97,-0.596,0.621,0.6720999
"2024-07-28 08:00:00",2446,13.46,198.6,0,1.481,37.08,29.58,1.481,10.96,11.61778,1005.527,88.3,12.4,-0.586,0.629,0.71503
"2024-07-28 09:00:00",2447,13.46,379.8,0,2.038,41.42,28.61,2.038,11.61,12.25278,1005.344,87.9,14.74,-0.557,0.58,1.36711
"2024-07-28 10:00:00",2448,13.46,383.6,0,2.599,11.37,21.01,2.599,12.3,12.57194,1005.311,84.3,16.29,-0.488,0.531,1.38108
"2024-07-28 11:00:00",2449,13.46,307.4,0,2.076,18.24,35.53,2.076,12.58,12.355,1005.485,84.2,15.25,-0.49,0.554,1.10672
"2024-07-28 12:00:00",2450,13.47,376.8,0,2.047,35.51,41.71,2.047,12.72,12.53055,1005.372,85.8,15.53,-0.487,0.568,1.35652
"2024-07-28 13:00:00",2451,13.46,421.5,0,2.215,19.82,32.51,2.215,13.25,12.80861,1005.119,80,16.98,-0.445,0.524,1.51738
"2024-07-28 14:00:00",2452,13.46,385.7,0,2.05,31.49,41.2,2.05,13.45,12.78917,1005.091,82.3,16.91,-0.434,0.531,1.38838
"2024-07-28 15:00:00",2453,13.46,341.6,0,2.333,50.4,32.27,2.333,13.25,12.68167,1005.11,81.5,16.04,-0.426,0.543,1.22976
"2024-07-28 16:00:00",2454,13.46,268,0,2.243,61.49,30.4,2.243,12.99,12.63556,1005.099,84.7,15.15,-0.499,0.55,0.9648499
"2024-07-28 17:00:00",2455,13.46,84.6,0,1.688,38.89,20,1.688,12.59,12.37306,1004.93,85.8,13.35,-0.514,0.622,0.30458
"2024-07-28 18:00:00",2456,13.46,72.12,0,1.231,16.57,24.38,1.231,12.06,12.38111,1004.699,89.2,12.46,-0.565,0.638,0.25964
"2024-07-28 19:00:00",2457,13.46,52.85,0,1.129,30.15,35.38,1.129,11.58,12.33028,1004.682,90.9,11.9,-0.578,0.663,0.19027
"2024-07-28 20:00:00",2458,13.47,57.65,0,0.758,171.6,95.6,0.758,11.31,12.2575,1004.429,92.3,11.37,-0.6,0.668,0.20753
"2024-07-28 21:00:00",2459,13.47,48.34,0,0.765,6.793,49.03,0.765,11.87,12.4875,1004.549,90.5,12.02,-0.581,0.652,0.17402
"2024-07-28 22:00:00",2460,13.47,45.98,0,1.259,23.04,24.45,1.259,11.5,12.35583,1004.436,89.5,11.85,-0.584,0.647,0.16554
"2024-07-28 23:00:00",2461,13.47,20.7,0.782,1.077,27.15,47.57,1.077,11.4,12.30055,1004.4,93.9,11.51,-0.601,0.661,0.07453
"2024-07-29 00:00:00",2462,13.47,11.29,0,1.26,24.62,38.72,1.26,10.95,12.19667,1004.549,91.5,10.97,-0.618,0.681,0.04065
"2024-07-29 01:00:00",2463,13.47,14.53,0,1.325,297.6,99.6,1.325,10.91,12.06472,1004.828,93.5,10.96,-0.603,0.675,0.05232
"2024-07-29 02:00:00",2464,13.48,16.44,0,2.034,33.18,25.39,2.034,10.07,11.75083,1005.239,97.2,10.34,-0.642,0.686,0.0592
"2024-07-29 03:00:00",2465,13.46,11.84,0,0.828,195.1,95.5,0.828,9.59,11.515,1005.405,96.5,9.71,-0.651,0.702,0.04262
"2024-07-29 04:00:00",2466,13.48,9.19,0,1.63,43.97,26.85,1.63,9.73,11.61611,1005.603,96.5,9.75,-0.644,0.707,0.03307
"2024-07-29 05:00:00",2467,13.47,17.37,1.224,0.955,28.21,27.4,0.955,9.64,11.64944,1006.014,98.6,9.67,-0.649,0.723,0.06252
"2024-07-29 06:00:00",2468,13.48,41.07,1.564,1.524,27.51,18.26,1.524,9.5,11.67611,1006.205,99.5,9.63,-0.653,0.715,0.14784
"2024-07-29 07:00:00",2469,13.46,50.77,0.408,1.243,108.7,88.6,1.243,9.45,11.72139,1006.367,97.8,9.62,-0.656,0.719,0.18276
"2024-07-29 08:00:00",2470,13.48,38.82,0,1.689,48.1,27.34,1.689,9.38,11.63611,1006.87,98.7,9.5,-0.66,0.715,0.13975
"2024-07-29 09:00:00",2471,13.47,46.06,0,0.856,356.1,81.1,0.856,9.31,11.62528,1007.231,100,9.51,-0.648,0.709,0.16583
"2024-07-29 10:00:00",2472,13.46,169.4,0,2.262,13.22,17.18,2.262,9.34,11.72583,1007.432,100,10.05,-0.646,0.696,0.6098499
"2024-07-29 11:00:00",2473,13.47,188.6,0,1.677,37.72,45.03,1.677,9.66,11.96222,1007.799,100,10.8,-0.632,0.665,0.6791
"2024-07-29 12:00:00",2474,13.46,146.5,0,1.858,25.09,24.86,1.858,9.87,12.00889,1008.188,98.3,10.72,-0.62,0.679,0.52732
"2024-07-29 13:00:00",2475,13.46,144.2,0,1.67,36,30.68,1.67,10.2,12.07139,1008.537,97,11.08,-0.614,0.671,0.51908
"2024-07-29 14:00:00",2476,13.47,77.65,0,1.942,47.35,40.14,1.942,10.31,11.9225,1008.972,95.7,10.81,-0.624,0.688,0.27954
"2024-07-29 15:00:00",2477,13.48,80.8,0,1.663,41.95,57.45,1.663,9.87,11.72389,1009.272,96.8,10.32,-0.635,0.688,0.29096
"2024-07-29 16:00:00",2478,13.47,77.42,0,1.463,33.8,54.5,1.463,9.94,11.69889,1009.494,97.4,10.41,-0.625,0.698,0.27871
"2024-07-29 17:00:00",2479,13.48,87.2,0,2.281,28.58,29.47,2.281,9.81,11.61944,1009.796,93.8,10.21,-0.638,0.704,0.3139
"2024-07-29 18:00:00",2480,13.46,89.4,0,1.336,39.26,32.75,1.336,9.85,11.63694,1010.038,95.5,10.41,-0.631,0.685,0.32192
"2024-07-29 19:00:00",2481,13.48,55.58,0,2.01,49.84,25.37,2.01,9.71,11.33417,1010.135,95.8,10.14,-0.628,0.689,0.20007
"2024-07-29 20:00:00",2482,13.48,39.2,0,2.156,42.49,29.88,2.156,8.72,10.93639,1010.339,97.9,9.11,-0.648,0.713,0.14111
"2024-07-29 21:00:00",2483,13.48,18.24,0,3.896,354.2,9.36,3.896,8.28,10.59556,1010.511,95.9,8.45,-0.645,0.694,0.06568
"2024-07-29 22:00:00",2484,13.48,16.06,0,1.202,0.896,38.51,1.202,8.5,10.63611,1010.831,95.8,8.52,-0.678,0.729,0.05783
"2024-07-29 23:00:00",2485,13.48,13.95,0,2.174,6.622,17.74,2.174,8.52,10.5375,1011.024,94,8.58,-0.688,0.737,0.05021
"2024-07-30 00:00:00",2486,13.46,16.31,0,0.552,78.77,93.2,0.552,8.63,10.53167,1011.085,94.5,8.65,-0.69,0.746,0.05871
"2024-07-30 01:00:00",2487,13.48,16.51,0,1.821,332.7,56.82,1.821,8.47,10.55222,1011.261,95.7,8.61,-0.683,0.731,0.05945
"2024-07-30 02:00:00",2488,13.48,23.56,0,2.227,1.622,22.72,2.227,8.46,10.57167,1011.403,95.7,8.49,-0.677,0.735,0.08482999
"2024-07-30 03:00:00",2489,13.48,32.47,0,2.47,24.61,10.92,2.47,8.3,10.63472,1011.608,97.1,8.39,-0.688,0.737,0.11688
"2024-07-30 04:00:00",2490,13.48,48.61,0,2.199,27.23,14.51,2.199,8.16,10.56889,1011.718,98.2,8.26,-0.705,0.744,0.17499
"2024-07-30 05:00:00",2491,13.48,84.7,0,3.841,6.373,10.03,3.841,7.866,10.56556,1011.735,100,8.19,-0.679,0.74,0.30509
"2024-07-30 06:00:00",2492,13.48,112.5,0,3.009,331.6,51.06,3.009,7.858,10.375,1011.717,98.2,8.22,-0.712,0.76,0.4051
"2024-07-30 07:00:00",2493,13.48,122.6,0,2.416,333.6,47.78,2.416,8.12,10.5075,1011.815,95.9,8.64,-0.684,0.714,0.44126
"2024-07-30 08:00:00",2494,13.48,136.8,0,2.31,354.9,24.76,2.31,8.28,10.52417,1011.901,94.8,8.83,-0.695,0.716,0.49254
"2024-07-30 09:00:00",2495,13.48,140.3,0,1.732,359.5,44.76,1.732,8.52,10.55083,1012.039,93.9,9.27,-0.664,0.714,0.5051399
"2024-07-30 10:00:00",2496,13.48,134.9,0,3.046,340.6,16.92,3.046,8.62,10.52667,1012.311,93.5,9.27,-0.652,0.686,0.48577
"2024-07-30 11:00:00",2497,13.48,135.5,0,2.897,344.4,10.94,2.897,8.64,10.54083,1012.635,94.5,9.24,-0.669,0.714,0.48795
"2024-07-30 12:00:00",2498,13.48,122.2,0,3.88,342.4,13.11,3.88,8.63,10.62417,1012.999,97.1,9.25,-0.622,0.679,0.43975
"2024-07-30 13:00:00",2499,13.48,122.5,0,4.713,341.8,9.72,4.713,8.29,10.51139,1013.246,98.7,8.78,-0.745,0.783,0.44097
"2024-07-30 14:00:00",2500,13.48,125,0,5.632,350.5,6.992,5.632,8.04,10.55083,1013.343,96.8,8.49,-0.743,0.764,0.45016
"2024-07-30 15:00:00",2501,13.48,95.4,0,3.04,6.395,33.74,3.04,8.41,10.52944,1013.695,96.9,8.71,-0.674,0.712,0.34343
"2024-07-30 16:00:00",2502,13.46,92,0,1.629,186.6,85.1,1.629,8.9,10.79889,1014.051,93.9,9.28,-0.65,0.713,0.33122
"2024-07-30 17:00:00",2503,13.46,77.61,0,1.32,18.34,76.41,1.32,9.07,10.7325,1014.293,91.6,9.54,-0.648,0.713,0.27938
"2024-07-30 18:00:00",2504,13.46,74.19,0,1.392,186.6,47.38,1.391,9.61,10.89639,1014.463,94.2,9.83,-0.659,0.698,0.26707
"2024-07-30 19:00:00",2505,13.46,77.48,0,1.528,92.6,94.6,1.528,9.96,11.05083,1014.59,87.3,10.25,-0.63,0.683,0.27891
"2024-07-30 20:00:00",2506,13.46,58.31,0,1.694,186.9,8.76,1.694,10.35,10.81333,1014.792,86.8,10.49,-0.627,0.676,0.20993
"2024-07-30 21:00:00",2507,13.47,43.33,0,1.551,86.5,79.6,1.551,10.3,10.89306,1015.107,87.5,10.36,-0.625,0.68,0.15597
"2024-07-30 22:00:00",2508,13.46,38.53,0,1.26,149.3,48.36,1.26,9.97,10.86472,1015.289,86.9,10.11,-0.644,0.692,0.13872
"2024-07-30 23:00:00",2509,13.46,28.08,0,0.675,27.58,85.6,0.675,9.65,10.86472,1015.428,91.8,9.76,-0.638,0.709,0.1011
"2024-07-31 00:00:00",2510,13.46,15.28,0,1.44,170.9,14.33,1.44,9.77,10.92833,1015.733,88.2,9.75,-0.654,0.713,0.05502
"2024-07-31 01:00:00",2511,13.46,17.33,0,1.317,182.9,32.08,1.317,9.75,10.4875,1016.01,86.3,9.7,-0.648,0.705,0.06236999
"2024-07-31 02:00:00",2512,13.46,24.1,0,1.115,165.7,71.41,1.115,10.01,10.67278,1016.143,89.7,9.95,-0.644,0.69,0.08675999
"2024-07-31 03:00:00",2513,13.46,28.76,0,0.941,58.28,59.99,0.941,9.68,11.06278,1016.464,93.7,9.87,-0.641,0.703,0.10354
"2024-07-31 04:00:00",2514,13.46,35.08,0,1.033,105.2,63.19,1.033,9.46,11.12444,1016.603,94.5,9.7,-0.652,0.706,0.1263
"2024-07-31 05:00:00",2515,13.46,42.68,0,0.583,59.92,71.64,0.583,9.38,10.98694,1016.773,90.4,9.58,-0.638,0.715,0.15364
"2024-07-31 06:00:00",2516,13.46,83.8,0,1.052,193.5,27.31,1.052,9.56,11.00806,1016.785,92.8,9.94,-0.638,0.694,0.30167
"2024-07-31 07:00:00",2517,13.46,111.4,0,0.796,327.5,86.8,0.796,9.98,11.25472,1017.078,93.5,10.85,-0.615,0.667,0.40101
"2024-07-31 08:00:00",2518,13.47,128.6,0,1.266,21.45,34.23,1.266,9.87,11.28583,1017.337,93.1,10.73,-0.61,0.672,0.46312
"2024-07-31 09:00:00",2519,13.47,196.7,0,1.836,186.6,43.17,1.836,11.02,11.51917,1017.169,79.6,11.88,-0.582,0.646,0.7082599
"2024-07-31 10:00:00",2520,13.46,373.3,0,3.097,358.5,68.27,3.097,12.02,12.17278,1016.774,91.3,15.13,-0.458,0.534,1.34379
"2024-07-31 11:00:00",2521,13.46,407,0,2.823,66.69,33.93,2.823,11.55,12.30361,1017.005,89.5,15.27,-0.48,0.555,1.46518
"2024-07-31 12:00:00",2522,13.46,394.4,0,2.425,71.65,24.49,2.425,11.7,11.92083,1017.041,80.7,15.03,-0.501,0.57,1.41984
"2024-07-31 13:00:00",2523,13.45,363.3,0,1.564,65.41,64.04,1.564,13.05,11.76111,1017.013,81.4,16.08,-0.44,0.55,1.30797
"2024-07-31 14:00:00",2524,13.46,359.7,0,1.649,51.12,89.6,1.649,13.62,11.61639,1017.054,73.8,17.01,-0.394,0.543,1.29499
"2024-07-31 15:00:00",2525,13.46,294.2,0,1.939,324.3,65.76,1.939,13.8,11.34917,1017.157,69.8,16.94,-0.411,0.536,1.05906
"2024-07-31 16:00:00",2526,13.46,237.1,0,2.442,8.29,24.79,2.442,13.44,10.76833,1017.381,70.3,15.44,-0.461,0.576,0.85373
"2024-07-31 17:00:00",2527,13.46,55.22,0,1.622,36.73,52.81,1.622,12.82,10.58694,1017.336,72.6,13.29,-0.522,0.626,0.1988
"2024-07-31 18:00:00",2528,13.46,64.68,0,1.73,33.42,44.83,1.73,12.2,11.02472,1017.175,78.2,12.39,-0.541,0.643,0.23284
"2024-07-31 19:00:00",2529,13.47,30.72,0,1.167,35.39,64.74,1.167,11.3,11.18028,1017.158,87.3,11.35,-0.579,0.663,0.1106
"2024-07-31 20:00:00",2530,13.47,28.07,0,0.968,182.2,26.21,0.968,10.29,10.99972,1016.904,85.4,10.21,-0.637,0.688,0.10106
"2024-07-31 21:00:00",2531,13.47,26.37,0,1.188,173.1,33.76,1.188,10,10.69056,1016.638,89.2,9.78,-0.623,0.703,0.09491999
"2024-07-31 22:00:00",2532,13.46,25.74,0,0.969,283.7,100.3,0.969,9.54,10.64417,1016.359,91.5,9.32,-0.653,0.726,0.09265
"2024-07-31 23:00:00",2533,13.46,51.09,0,1.375,188.4,10.82,1.375,9.17,10.53917,1016.142,87.2,9.02,-0.652,0.732,0.18393
"2024-08-01 00:00:00",2534,13.47,82.3,0,0.515,240.7,76.69,0.515,10.07,10.805,1016.144,90.7,10.21,-0.625,0.696,0.29621
"2024-08-01 01:00:00",2535,13.47,86.3,0,0.83,203.4,64.99,0.83,10.28,11.165,1016.189,89.4,10.81,-0.603,0.681,0.31065
"2024-08-01 02:00:00",2536,13.46,103,0,1.514,18.7,61.23,1.514,10.27,11.36444,1016.051,92,11.06,-0.605,0.665,0.37065
"2024-08-01 03:00:00",2537,13.46,127.5,0,0.578,207.2,59.47,0.578,10.75,11.60194,1015.677,80.5,11.92,-0.569,0.639,0.4589
"2024-08-01 04:00:00",2538,13.46,157.5,0,1.643,7.409,7.49,1.643,11.17,11.83722,1015.443,89.6,13,-0.552,0.604,0.56692
"2024-08-01 05:00:00",2539,13.46,126.7,0,1.335,11.85,14.71,1.335,10.99,11.56778,1015.17,85.8,12.53,-0.559,0.602,0.45614
"2024-08-01 06:00:00",2540,13.46,194.4,0,1.541,27.24,34.04,1.541,11.3,11.85444,1014.577,89.3,13.57,-0.564,0.604,0.69967
"2024-08-01 07:00:00",2541,13.47,281.9,0,1.226,65.11,34.62,1.226,12.1,12.27944,1014.376,86.8,15.75,-0.509,0.577,1.01499
"2024-08-01 08:00:00",2542,13.46,259.1,0,1.989,69.29,20.82,1.989,11.89,12.02444,1014.161,85.1,15,-0.49,0.594,0.93278
"2024-08-01 09:00:00",2543,13.46,323.7,0,1.804,61.68,27.93,1.804,12.11,11.94667,1014.073,85.5,14.61,-0.52,0.577,1.16523
"2024-08-01 10:00:00",2544,13.46,402.8,0,2.758,61.59,42.7,2.758,13.44,12.00056,1013.852,73.7,17.1,-0.47,0.503,1.44995
"2024-08-01 11:00:00",2545,13.46,406.7,0,2.482,11.2,30.21,2.482,14.06,11.50667,1013.692,70.3,18.22,-0.384,0.483,1.46404
"2024-08-01 12:00:00",2546,13.46,419.7,0,2.75,10.89,38.89,2.75,14.49,11.3675,1013.522,69.1,18.25,-0.412,0.491,1.51103
"2024-08-01 13:00:00",2547,13.46,401.1,0,1.537,42.67,70.42,1.537,15.28,11.62083,1013.422,66,19.39,-0.347,0.473,1.44394
"2024-08-01 14:00:00",2548,13.46,382.6,0,3.299,87.2,31.79,3.299,14.33,11.59611,1013.374,76.2,17.63,-0.247,0.562,1.37739
"2024-08-01 15:00:00",2549,13.46,349,0,2.504,82.8,29.06,2.504,13.94,12.04611,1013.282,69.5,16.59,-0.41,0.541,1.25654
"2024-08-01 16:00:00",2550,13.46,252.1,0,1.199,86.3,82.4,1.199,14.82,11.75694,1013.098,65.9,17.27,-0.394,0.508,0.9075999
"2024-08-01 17:00:00",2551,13.46,40.51,0,0.929,38.91,43.32,0.929,14.28,11.08694,1013.154,68.8,14.95,-0.475,0.586,0.14583
"2024-08-01 18:00:00",2552,13.46,44.98,0,1.022,55.91,24.5,1.022,13.51,10.9875,1013.071,71.7,13.67,-0.507,0.616,0.16191
"2024-08-01 19:00:00",2553,13.47,34.95,0,1.278,13.14,97.6,1.278,12.52,10.58722,1013.153,77.1,12.62,-0.534,0.645,0.12583
"2024-08-01 20:00:00",2554,13.47,32.28,0,1.163,197,21.94,1.163,11.64,10.78639,1013.279,77.7,11.55,-0.579,0.658,0.11621
"2024-08-01 21:00:00",2555,13.47,31,0,1.661,199.3,61.93,1.661,11.35,10.68806,1013.31,81.6,11.19,-0.582,0.663,0.11161
"2024-08-01 22:00:00",2556,13.47,52.91,0,1.257,196.3,47.03,1.257,11,10.71778,1013.281,82.9,10.91,-0.601,0.679,0.19047
"2024-08-01 23:00:00",2557,13.47,52.63,0,1.172,205.6,60.2,1.172,11.19,10.94417,1013.276,82.4,11.09,-0.59,0.666,0.18946
"2024-08-02 00:00:00",2558,13.46,67.18,0,0.945,236.5,81.9,0.945,11.31,11.45417,1013.517,85.4,11.63,-0.569,0.663,0.24183
"2024-08-02 01:00:00",2559,13.47,57.99,0,1.674,196.3,15.72,1.674,10.89,10.82,1013.503,81.7,10.97,-0.588,0.68,0.20877
"2024-08-02 02:00:00",2560,13.47,115.7,0,0.848,286.8,93.5,0.848,11.75,11.38861,1013.56,88.7,12.18,-0.562,0.634,0.41656
"2024-08-02 03:00:00",2561,13.47,88.3,0,1.12,1.211,100.6,1.12,11.59,12.0725,1013.692,89.9,12.48,-0.55,0.614,0.31784
"2024-08-02 04:00:00",2562,13.46,130.4,0,0.976,215.8,81.3,0.976,11.73,12.02667,1013.706,81.8,12.61,-0.553,0.608,0.46948
"2024-08-02 05:00:00",2563,13.46,119.6,0,1.784,35.88,73.77,1.784,12.22,11.92333,1013.629,84.2,13.36,-0.545,0.588,0.43067
"2024-08-02 06:00:00",2564,13.46,188.2,0,0.9,63.35,52.01,0.9,12.87,12.325,1013.531,78.8,15,-0.5,0.574,0.6776299
"2024-08-02 07:00:00",2565,13.47,273.2,0,1.335,41.43,29.9,1.335,13.31,12.60556,1013.576,83.8,17.02,-0.45,0.536,0.9835699
"2024-08-02 08:00:00",2566,13.46,326.1,0,1.819,65.58,22.28,1.819,13.15,12.45806,1013.641,82.1,16.83,-0.466,0.546,1.17398
"2024-08-02 09:00:00",2567,13.47,364.1,0,2.06,71.7,29.01,2.061,13.57,12.51528,1013.692,79.4,17.31,-0.471,0.514,1.31067
"2024-08-02 10:00:00",2568,13.46,391,0,2.487,83,29.69,2.487,14.21,12.29722,1013.938,74.5,17.9,-0.374,0.505,1.40756
"2024-08-02 11:00:00",2569,13.46,414.1,0,3.477,100.4,16,3.477,14.33,12.40139,1014.239,81.8,17.98,-0.342,0.484,1.49067
"2024-08-02 12:00:00",2570,13.46,417.5,0,2.59,88.3,44.27,2.59,14.52,12.64139,1014.457,73.1,17.77,-0.462,0.463,1.50284
"2024-08-02 13:00:00",2571,13.46,373.5,0,1.545,40.98,74.43,1.545,16.29,12.50861,1014.646,67.3,20.2,-0.329,0.451,1.34468
"2024-08-02 14:00:00",2572,13.46,302,0,2.381,80.7,36.57,2.381,15.63,11.61361,1014.926,69.1,18.28,-0.339,0.487,1.08723
"2024-08-02 15:00:00",2573,13.46,356.8,0,1.665,55.29,65.17,1.665,15.85,11.93917,1014.859,66.2,18.43,-0.349,0.493,1.28455
"2024-08-02 16:00:00",2574,13.46,244.3,0,1.94,69.41,42.2,1.94,16.17,11.98528,1014.86,65.5,18.65,-0.33,0.487,0.87954
"2024-08-02 17:00:00",2575,13.46,56.98,0,1.305,59.5,33.07,1.305,15.28,11.66417,1014.973,71.6,15.85,-0.43,0.566,0.20511
"2024-08-02 18:00:00",2576,13.46,74.28,0,1.137,50.82,30.49,1.137,14.61,12.07778,1014.964,74.5,14.91,-0.466,0.575,0.26742
"2024-08-02 19:00:00",2577,13.46,77.98,0,1.235,17.34,46.65,1.235,13.78,11.96278,1015.07,75.8,14.27,-0.481,0.597,0.28072
"2024-08-02 20:00:00",2578,13.46,77.51,0,0.499,339.5,90.2,0.499,13.75,11.93333,1015.002,74.2,14.22,-0.499,0.586,0.27903
"2024-08-02 21:00:00",2579,13.46,72.65,0,0.895,6.005,54.42,0.895,13.75,12.54694,1015.057,80.9,14.33,-0.488,0.579,0.26153
"2024-08-02 22:00:00",2580,13.46,42.64,0,1.471,102.8,81.5,1.471,13.67,13.12222,1015.183,78.4,13.97,-0.493,0.614,0.15352
"2024-08-02 23:00:00",2581,13.46,23.38,0,0.583,359.5,86.2,0.583,13.44,12.58889,1015.222,85.7,13.64,-0.511,0.61,0.08415999
"2024-08-03 00:00:00",2582,13.46,37.69,0,0.673,43.5,72.73,0.673,13.05,12.7225,1015.271,86.8,13.19,-0.515,0.611,0.1357
"2024-08-03 01:00:00",2583,13.46,23.06,0,0.8,75.9,73.46,0.8,12.92,12.87611,1015.216,83.7,13.05,-0.514,0.612,0.083
"2024-08-03 02:00:00",2584,13.46,29.2,0,0.588,200.2,71.58,0.588,12.54,12.35028,1015.095,88.7,12.63,-0.518,0.627,0.10513
"2024-08-03 03:00:00",2585,13.47,27.3,0,0.868,208.3,78.19,0.868,12.24,12.56833,1014.654,91.2,12.32,-0.53,0.629,0.09826999
"2024-08-03 04:00:00",2586,13.47,55.17,0,1.346,9.82,10.53,1.346,12.25,12.99778,1014.054,92.2,12.42,-0.554,0.631,0.19862
"2024-08-03 05:00:00",2587,13.47,89.9,0,0.83,185.6,80.3,0.83,12.29,12.75444,1013.571,86.5,12.66,-0.516,0.626,0.32371
"2024-08-03 06:00:00",2588,13.46,178.9,0,1.514,34.13,65.33,1.514,13.07,13.47833,1013.292,87.9,14.52,-0.486,0.576,0.64411
"2024-08-03 07:00:00",2589,13.46,233.6,0,2.053,70.96,35.79,2.053,13.36,13.64944,1013.148,87.7,16.01,-0.429,0.564,0.84096
"2024-08-03 08:00:00",2590,13.46,284.9,0,2.048,64.02,28.04,2.048,13.59,13.48444,1013.087,84.7,16.39,-0.428,0.547,1.02571
"2024-08-03 09:00:00",2591,13.47,348.6,0,1.982,24.72,57.9,1.982,14.33,13.10333,1013.071,77.3,18.05,-0.422,0.49,1.25507
"2024-08-03 10:00:00",2592,13.46,277.9,0,2.631,41.09,26,2.631,13.62,13.21083,1013.042,82.5,16.3,-0.421,0.55,1.00048
"2024-08-03 11:00:00",2593,13.46,144.8,0,2.574,62.66,55.93,2.574,13.61,12.87722,1012.977,88.3,14.72,-0.405,0.555,0.5212399
"2024-08-03 12:00:00",2594,13.46,210.4,0,2.29,60.48,33.84,2.29,13.18,12.87556,1012.593,74.9,14.23,-0.551,0.534,0.75757
"2024-08-03 13:00:00",2595,13.47,132.5,0,2.757,30.35,51.05,2.757,13.69,11.77167,1012.445,74.9,14.6,-0.501,0.593,0.47697
"2024-08-03 14:00:00",2596,13.47,158.2,0,2.377,43.31,26.95,2.377,13.01,11.685,1012.121,77.8,13.91,-0.498,0.586,0.56942
"2024-08-03 15:00:00",2597,13.45,158.5,0,2.931,33.98,18.57,2.931,13.17,11.48639,1011.945,76.6,14.12,-0.512,0.588,0.57065
"2024-08-03 16:00:00",2598,13.46,136.8,0,4.009,23.08,13.65,4.009,12.63,11.45472,1011.684,82.7,13.46,-0.529,0.557,0.4925
"2024-08-03 17:00:00",2599,13.46,108,0,3.213,9.75,60.25,3.213,12.18,11.37055,1011.338,82.2,12.76,-0.456,0.616,0.38874
"2024-08-03 18:00:00",2600,13.47,52.71,0,2.013,44.92,57.76,2.013,11.49,11.44417,1011.223,88,11.97,-0.529,0.617,0.18977
"2024-08-03 19:00:00",2601,13.47,24.12,0,1.286,21.17,50.83,1.286,11.46,11.91167,1011.049,87.6,11.69,-0.547,0.637,0.08684
"2024-08-03 20:00:00",2602,13.47,18.59,0,2.691,20.83,12.98,2.691,11.4,12.06528,1010.944,89.9,11.53,-0.538,0.626,0.06692
"2024-08-03 21:00:00",2603,13.47,13.79,0,2.105,27.49,60.23,2.105,11.35,12.27389,1011.004,92.7,11.38,-0.552,0.626,0.04965
"2024-08-03 22:00:00",2604,13.47,10.46,0,1.392,26.75,43.06,1.392,11.04,12.40944,1010.937,96.8,11.13,-0.571,0.639,0.03766
"2024-08-03 23:00:00",2605,13.47,10.75,0,1.119,17.75,13.77,1.119,10.61,12.58389,1010.82,99.7,10.74,-0.573,0.658,0.0387
"2024-08-04 00:00:00",2606,13.46,14.9,0,0.324,10.27,47.82,0.324,10.62,12.60722,1010.714,97.4,10.83,-0.576,0.664,0.05362999
"2024-08-04 01:00:00",2607,13.47,15.73,0,1.024,18.39,17.32,1.024,10.71,12.60111,1010.641,97.8,10.88,-0.58,0.656,0.05664
"2024-08-04 02:00:00",2608,13.46,12.12,0,0.807,167.2,66.51,0.807,10.63,12.44167,1010.362,97.7,10.8,-0.576,0.651,0.04362
"2024-08-04 03:00:00",2609,13.46,22.24,0,0.893,10.89,53.71,0.893,10.47,12.42972,1010.147,98.9,10.67,-0.585,0.668,0.08006
"2024-08-04 04:00:00",2610,13.47,39.57,0,1.071,4.717,69.52,1.071,10.34,12.535,1009.82,100,10.66,-0.573,0.658,0.14244
"2024-08-04 05:00:00",2611,13.46,64.65,0,1.57,30.91,67.87,1.57,10.35,12.55305,1009.485,100,10.83,-0.572,0.657,0.23275
"2024-08-04 06:00:00",2612,13.46,84.7,0,1.177,18.02,16.91,1.177,10.48,12.64222,1009.355,100,11.12,-0.57,0.639,0.30474
"2024-08-04 07:00:00",2613,13.47,104.4,0,1.257,7.61,25.81,1.257,10.55,12.62861,1009.176,99,11.43,-0.565,0.642,0.37595
"2024-08-04 08:00:00",2614,13.47,111.9,0,2.462,27.67,23.97,2.462,10.52,12.53917,1009.117,98.7,11.32,-0.533,0.648,0.40289
"2024-08-04 09:00:00",2615,13.47,179.3,0,2.908,7.278,13.26,2.908,10.6,12.59083,1009.078,98.2,11.45,-0.551,0.608,0.64551
"2024-08-04 10:00:00",2616,13.47,169.6,0,2.314,15.56,26.58,2.314,10.63,12.51083,1009.164,99.3,11.66,-0.538,0.64,0.61067
"2024-08-04 11:00:00",2617,13.46,256.2,0,2.234,16.51,35.28,2.234,10.94,12.67861,1009.107,96.6,12.74,-0.529,0.614,0.9223599
"2024-08-04 12:00:00",2618,13.45,422.1,0,1.474,265.5,91,1.474,12.28,13.38944,1008.826,89.8,16.68,-0.43,0.505,1.51942
"2024-08-04 13:00:00",2619,13.46,405.7,0,2.607,11.57,33.39,2.607,13.1,12.80861,1008.618,79.4,16.81,-0.4,0.496,1.46048
"2024-08-04 14:00:00",2620,13.46,382.6,0,4.445,354.9,13.31,4.445,13.6,11.41972,1008.385,73.2,16.42,-0.371,0.488,1.37721
"2024-08-04 15:00:00",2621,13.46,345.1,0,2.98,358.1,32.78,2.98,13.76,11.41083,1008.377,73.7,16.57,-0.424,0.514,1.24248
"2024-08-04 16:00:00",2622,13.46,231.9,0,2.172,333.7,63.27,2.172,13.91,11.1925,1008.37,66.6,16.14,-0.421,0.536,0.835
"2024-08-04 17:00:00",2623,13.47,39.36,0,2.944,19.92,38.37,2.944,12.77,10.57944,1008.305,73,13.25,-0.451,0.619,0.1417
"2024-08-04 18:00:00",2624,13.46,34.25,0,0.857,36.35,61.11,0.857,12.16,10.7875,1008.164,77.9,12.01,-0.544,0.644,0.12331
"2024-08-04 19:00:00",2625,13.47,30.51,0,0.878,36.61,65.46,0.878,11.45,10.82417,1008.082,83.3,11.29,-0.558,0.656,0.10982
"2024-08-04 20:00:00",2626,13.46,27.56,0,1.18,152.8,78.48,1.18,10.7,10.49944,1008.096,81.2,10.54,-0.581,0.669,0.09920999
"2024-08-04 21:00:00",2627,13.46,24.58,0,1.207,203.6,73.06,1.207,9.93,10.35222,1008.189,84,9.75,-0.62,0.683,0.08848999
"2024-08-04 22:00:00",2628,13.46,22.74,0,0.982,184.5,52.33,0.982,9.21,10.16944,1008.177,87.5,9.03,-0.651,0.712,0.08185999
"2024-08-04 23:00:00",2629,13.47,36.28,0,0.537,198.8,77.41,0.537,8.78,10.27694,1008.293,92,8.48,-0.652,0.722,0.1306
"2024-08-05 00:00:00",2630,13.46,46.62,0,0.566,299.1,92.9,0.566,8.66,10.48833,1008.362,95.5,8.8,-0.654,0.711,0.16782
"2024-08-05 01:00:00",2631,13.46,26.03,0,0.843,303.6,57.94,0.843,8.4,10.79194,1008.397,99.1,8.64,-0.654,0.708,0.09368999
"2024-08-05 02:00:00",2632,13.45,24.09,0,0.931,272.8,42.88,0.931,8.06,10.70611,1008.254,100,8.38,-0.654,0.714,0.08673999
"2024-08-05 03:00:00",2633,13.48,29.14,0,1.239,302,40.57,1.239,8.07,10.73861,1008.257,100,8.36,-0.663,0.715,0.10491
"2024-08-05 04:00:00",2634,13.48,37.69,0,1.376,28.03,56.31,1.376,7.934,10.6575,1008.216,99.8,8.3,-0.646,0.727,0.13567
"2024-08-05 05:00:00",2635,13.48,57.69,0,1.782,13.38,15.41,1.782,7.647,10.46667,1008.107,100,8.11,-0.646,0.713,0.20769
"2024-08-05 06:00:00",2636,13.47,77.46,0,0.936,13.91,47.54,0.936,7.553,10.3975,1008.057,100,8.24,-0.653,0.715,0.27887
"2024-08-05 07:00:00",2637,13.47,91.9,0,1.078,18.45,40.86,1.078,7.704,10.51056,1007.98,100,8.6,-0.655,0.695,0.33087
"2024-08-05 08:00:00",2638,13.48,109.9,0,1.757,7.994,12.47,1.757,7.71,10.51028,1008.022,100,8.6,-0.638,0.708,0.39573
"2024-08-05 09:00:00",2639,13.48,"NAN","NAN","NAN",0,0,"NAN","NAN","NAN","NAN","NAN","NAN","NAN","NAN","NAN"
"2024-08-05 09:00:00",2639,13.48,"NAN","NAN","NAN",0,0,"NAN","NAN","NAN","NAN","NAN","NAN","NAN","NAN","NAN"
